 Oct 01  1997 24 25 27 29 32 39  14
 Oct 04  1997 04 21 41 42 46 48  39
 Oct 08  1997 18 26 30 31 32 36  42
 Oct 11  1997 02 05 08 11 20 44  43
 Oct 15  1997 05 07 32 40 42 46  28
 Oct 18  1997 14 18 19 23 24 39  27
 Oct 22  1997 08 27 35 37 38 44  22
 Oct 25  1997 12 21 41 42 44 47  17
 Oct 29  1997 11 14 26 31 32 37  19
 Nov 01  1997 01 03 11 20 29 36  39
 Nov 05  1997 17 19 23 33 35 47  34
 Nov 08  1997 04 05 09 23 24 48  06
 Nov 12  1997 07 10 12 20 29 41  44
 Nov 15  1997 01 02 13 18 34 47  12
 Nov 19  1997 20 23 26 28 30 35  02
 Nov 22  1997 21 34 35 41 43 44  05
 Nov 26  1997 11 16 34 36 37 40  06
 Nov 29  1997 02 03 06 20 30 37  34
 Dec 03  1997 12 14 21 31 38 41  42
 Dec 06  1997 12 20 21 28 31 44  33
 Dec 10  1997 05 16 24 28 33 34  35
 Dec 13  1997 02 17 22 35 45 47  28
 Dec 17  1997 05 10 20 29 33 36  19
 Dec 20  1997 01 10 12 22 25 35  17
 Dec 24  1997 05 19 22 30 40 47  41
 Dec 27  1997 09 14 23 26 40 42  47
 Dec 31  1997 06 13 27 40 43 48  42
 Jan 03  1998 08 10 12 30 36 47  01
 Jan 07  1998 13 16 17 26 28 42  05
 Jan 10  1998 20 28 29 40 45 49  07
 Jan 14  1998 04 20 22 23 37 40  36
 Jan 17  1998 31 33 39 41 43 49  10
 Jan 21  1998 04 08 20 23 27 38  19
 Jan 24  1998 02 11 19 36 44 46  05
 Jan 28  1998 12 26 28 30 33 34  19
 Jan 31  1998 04 16 30 33 46 49  01
 Feb 04  1998 04 08 15 17 26 46  27
 Feb 07  1998 05 11 19 20 26 40  31
 Feb 11  1998 17 25 28 29 32 41  09
 Feb 14  1998 09 15 16 28 39 42  22
 Feb 18  1998 06 14 27 29 30 32  03
 Feb 21  1998 05 13 28 41 42 47  36
 Feb 25  1998 03 09 18 24 40 41  30
 Feb 28  1998 04 14 29 30 39 42  21
 Mar 04  1998 02 06 08 13 40 46  27
 Mar 07  1998 03 12 13 33 37 45  25
 Mar 11  1998 05 16 20 22 33 42  04
 Mar 14  1998 07 15 19 31 35 45  33
 Mar 18  1998 01 05 14 27 28 38  44
 Mar 21  1998 11 24 25 34 35 42  21
 Mar 25  1998 05 11 13 15 29 33  06
 Mar 28  1998 13 35 37 39 44 49  25
 Apr 01  1998 02 16 17 21 28 31  44
 Apr 04  1998 03 15 16 30 35 46  04
 Apr 08  1998 05 09 17 18 43 44  21
 Apr 11  1998 06 16 17 20 31 45  13
 Apr 15  1998 04 11 12 23 43 45  26
 Apr 18  1998 10 14 16 35 42 49  20
 Apr 22  1998 10 17 33 35 40 46  32
 Apr 25  1998 08 13 21 28 33 46  02
 Apr 29  1998 11 17 25 26 38 40  28
 May 02  1998 07 18 19 24 33 49  38
 May 06  1998 01 12 13 17 41 46  25
 May 09  1998 05 10 12 17 24 35  48
 May 13  1998 06 11 18 32 35 38  30
 May 16  1998 10 11 12 19 26 30  28
 May 20  1998 07 23 24 45 47 49  03
 May 23  1998 10 17 31 35 44 47  32
 May 27  1998 05 07 15 22 25 37  29
 May 30  1998 03 07 33 34 38 42  32
 Jun 03  1998 02 06 21 28 32 49  43
 Jun 06  1998 22 26 33 36 40 47  35
 Jun 10  1998 05 12 17 23 30 31  09
 Jun 13  1998 02 20 34 45 48 49  24
 Jun 17  1998 25 31 36 42 45 48  19
 Jun 20  1998 02 12 15 22 32 39  49
 Jun 24  1998 06 09 11 26 29 42  07
 Jun 27  1998 08 15 22 25 28 40  48
 Jul 01  1998 08 11 25 32 37 38  09
 Jul 04  1998 12 14 17 27 36 42  49
 Jul 08  1998 01 16 22 28 32 39  26
 Jul 11  1998 21 26 29 31 36 48  42
 Jul 15  1998 12 13 18 23 27 47  03
 Jul 18  1998 13 17 25 42 45 46  43
 Jul 22  1998 05 18 22 23 29 30  06
 Jul 25  1998 01 02 23 25 27 28  12
 Jul 29  1998 03 11 13 17 39 47  31
 Aug 01  1998 08 09 18 22 33 49  47
 Aug 05  1998 11 13 20 21 29 42  23
 Aug 08  1998 05 34 43 44 47 49  40
 Aug 12  1998 01 12 15 24 32 38  29
 Aug 15  1998 05 09 12 36 42 48  01
 Aug 19  1998 05 10 20 34 42 44  39
 Aug 22  1998 16 18 36 41 44 49  25
 Aug 26  1998 05 15 25 35 40 46  34
 Aug 29  1998 21 38 40 47 48 49  02
 Sep 02  1998 01 10 11 12 18 35  33
 Sep 05  1998 08 12 22 27 42 43  04
 Sep 09  1998 04 14 17 33 40 44  16
 Sep 12  1998 12 27 32 35 40 44  05
 Sep 16  1998 08 14 15 41 42 48  01
 Sep 19  1998 10 21 23 45 46 49  38
 Sep 23  1998 04 11 17 21 36 48  22
 Sep 26  1998 05 06 09 16 29 42  26
 Sep 30  1998 12 21 29 33 46 47  03
 Oct 03  1998 05 17 18 38 40 46  11
 Oct 07  1998 12 22 25 27 28 33  06
 Oct 10  1998 16 29 32 34 40 48  22
 Oct 14  1998 05 13 14 17 18 32  21
 Oct 17  1998 01 08 18 29 42 44  13
 Oct 21  1998 03 06 13 18 25 37  24
 Oct 24  1998 14 23 24 25 29 49  01
 Oct 28  1998 13 21 31 33 36 38  12
 Oct 31  1998 05 11 12 13 43 44  48
 Nov 04  1998 19 22 29 31 40 48  15
 Nov 07  1998 12 16 27 31 38 49  44
 Nov 11  1998 01 06 16 29 31 48  17
 Nov 14  1998 08 09 12 14 29 45  27
 Nov 18  1998 24 27 30 37 45 46  41
 Nov 21  1998 08 12 26 27 32 40  44
 Nov 25  1998 21 23 24 27 43 47  07
 Nov 28  1998 02 03 11 15 42 46  01
 Dec 02  1998 04 07 08 16 44 48  14
 Dec 05  1998 09 14 36 41 42 47  38
 Dec 09  1998 11 12 18 28 33 45  35
 Dec 12  1998 01 03 05 06 11 16  34
 Dec 16  1998 02 05 09 26 28 47  23
 Dec 19  1998 01 07 08 13 34 42  26
 Dec 23  1998 01 08 12 26 33 47  05
 Dec 26  1998 12 21 37 42 43 45  18
 Dec 30  1998 05 27 28 36 40 49  29
 Jan 02  1999 01 16 30 38 40 47  41
 Jan 06  1999 16 26 32 34 39 41  01
 Jan 09  1999 04 09 14 17 24 45  25
 Jan 13  1999 03 22 28 39 42 43  01
 Jan 16  1999 06 10 15 31 32 37  44
 Jan 20  1999 16 30 41 46 47 48  24
 Jan 23  1999 05 13 14 21 37 42  23
 Jan 27  1999 10 14 17 35 37 39  48
 Jan 30  1999 06 13 31 39 43 46  01 
 Feb 03  1999 25 27 30 33 39 41  40
 Feb 06  1999 03 18 25 26 27 31  42
 Feb 10  1999 11 14 20 28 39 46  48
 Feb 13  1999 06 16 22 31 37 48  40
 Feb 17  1999 14 15 16 24 31 32  29
 Feb 20  1999 06 07 16 18 34 38  05
 Feb 24  1999 14 30 33 39 41 44  47
 Feb 27  1999 27 31 34 38 48 49  08
 Mar 03  1999 02 03 20 25 30 43  31
 Mar 06  1999 04 09 16 41 45 48  15
 Mar 10  1999 13 23 24 27 29 40  30
 Mar 13  1999 01 12 14 29 30 42  21
 Mar 17  1999 02 14 18 31 36 47  40
 Mar 20  1999 07 24 35 41 46 47  32
 Mar 24  1999 01 05 10 22 25 46  20
 Mar 27  1999 04 07 24 30 36 47  39
 Mar 31  1999 02 12 30 33 34 44  48
 Apr 03  1999 07 12 17 23 25 31  03
 Apr 07  1999 10 28 32 33 41 46  38
 Apr 10  1999 01 09 20 24 42 46  33
 Apr 14  1999 02 04 10 12 21 42  48
 Apr 18  1999 18 23 39 41 47 48  22
 Apr 21  1999 08 10 26 31 32 44  24
 Apr 24  1999 03 16 22 31 43 48  35
 Apr 28  1999 05 18 23 25 36 37  49
 May 01  1999 03 07 08 17 21 30  04
 May 05  1999 02 05 07 08 14 34  33
 May 08  1999 02 18 24 27 32 38  23
 May 12  1999 04 07 31 35 41 44  34
 May 15  1999 02 11 27 28 29 49  17
 May 19  1999 01 16 18 43 48 49  21
 May 22  1999 03 16 34 40 41 48  07
 May 26  1999 04 06 21 24 27 47  11
 May 29  1999 10 15 30 34 35 48  40
 Jun 02  1999 12 39 40 44 45 48  32
 Jun 05  1999 04 12 21 35 38 49  30
 Jun 09  1999 08 14 25 27 30 44  21
 Jun 12  1999 10 11 17 18 33 38  04
 Jun 16  1999 02 07 22 25 38 44  14
 Jun 19  1999 01 06 11 25 29 33  02
 Jun 23  1999 08 11 18 22 37 40  47
 Jun 26  1999 13 16 34 38 42 48  27
 Jun 30  1999 09 16 19 37 39 45  11
 Jul 03  1999 05 17 21 23 24 49  43
 Jul 07  1999 01 13 14 18 27 42  24
 Jul 10  1999 10 14 30 36 40 46  42
 Jul 14  1999 21 24 28 29 32 41  19
 Jul 17  1999 02 08 14 26 28 47  38
 Jul 21  1999 11 17 19 20 39 48  10
 Jul 24  1999 02 16 24 31 33 38  25
 Jul 28  1999 09 24 31 33 35 45  14
 Jul 31  1999 17 18 34 36 45 47  16
 Aug 04  1999 14 24 40 41 45 46  36
 Aug 07  1999 07 20 24 30 36 44  33
 Aug 11  1999 06 19 27 28 31 37  17
 Aug 14  1999 15 16 33 41 43 47  27
 Aug 18  1999 11 13 18 38 42 45  40
 Aug 21  1999 07 09 10 12 36 48  33
 Aug 25  1999 03 04 34 39 40 41  33
 Aug 28  1999 15 26 32 33 37 49  39
 Sep 01  1999 04 16 17 23 24 28  29
 Sep 04  1999 08 22 24 30 33 45  14
 Sep 08  1999 04 15 17 37 39 49  26
 Sep 11  1999 04 06 19 37 41 47  02
 Sep 15  1999 10 13 26 27 42 43  05
 Sep 18  1999 07 11 20 22 30 43  45
 Sep 22  1999 06 13 14 19 21 49  17
 Sep 25  1999 07 08 10 12 15 45  46
 Sep 29  1999 05 23 24 26 35 41  13
 Oct 02  1999 18 24 32 39 43 45  28
 Oct 06  1999 01 10 22 31 34 46  45
 Oct 09  1999 02 07 12 19 30 47  08
 Oct 13  1999 14 17 19 36 43 48  25
 Oct 16  1999 12 15 19 20 24 30  26
 Oct 20  1999 13 25 33 35 39 46  14
 Oct 23  1999 04 06 19 32 33 35  40
 Oct 27  1999 02 12 13 19 35 43  16
 Oct 30  1999 10 15 16 22 46 48  35
 Nov 03  1999 02 04 16 22 44 46  49
 Nov 06  1999 07 12 13 20 22 27  45
 Nov 10  1999 11 16 17 19 24 29  03
 Nov 13  1999 16 18 20 21 46 48  47
 Nov 17  1999 04 05 06 35 40 47  33
 Nov 20  1999 02 10 28 38 39 48  17
 Nov 24  1999 09 11 13 27 38 42  26
 Nov 27  1999 05 06 29 32 37 46  22
 Dec 01  1999 05 11 13 22 26 35  03
 Dec 04  1999 03 10 21 31 40 42  43
 Dec 08  1999 09 11 21 24 46 49  25
 Dec 11  1999 12 13 21 23 29 31  33
 Dec 15  1999 01 14 24 30 41 45  27
 Dec 18  1999 04 06 24 25 34 43  13
 Dec 22  1999 01 03 12 23 30 41  24
 Dec 25  1999 05 12 40 42 44 45  30
 Dec 29  1999 04 08 15 16 31 40  47
 Jan 01  2000 10 14 15 33 47 48  36
 Jan 05  2000 01 09 24 25 31 36  45
 Jan 08  2000 05 08 10 13 32 41  39
 Jan 12  2000 11 16 17 29 33 36  23
 Jan 15  2000 01 09 10 29 38 43  39
 Jan 19  2000 03 08 15 22 27 30  41
 Jan 22  2000 11 14 20 35 42 45  34
 Jan 26  2000 01 02 09 14 17 25  28
 Jan 29  2000 19 22 23 26 34 39  15
 Feb 02  2000 06 16 18 21 25 29  07
 Feb 05  2000 07 20 21 24 29 46  19
 Feb 09  2000 04 05 14 27 28 31  26
 Feb 12  2000 01 04 08 13 21 27  15
 Feb 16  2000 03 07 17 22 29 33  06
 Feb 19  2000 06 13 19 20 39 48  33
 Feb 23  2000 01 08 11 29 33 36  07
 Feb 26  2000 06 07 17 27 32 47  08
 Mar 01  2000 02 06 18 20 28 48  10
 Mar 04  2000 08 13 34 37 40 48  07
 Mar 08  2000 03 28 32 40 46 47  34
 Mar 11  2000 13 15 20 26 27 34  17
 Mar 15  2000 02 22 23 34 45 47  14
 Mar 18  2000 17 27 28 29 32 38  08
 Mar 22  2000 10 20 31 34 36 47  32
 Mar 25  2000 11 28 30 33 35 39  49
 Mar 29  2000 10 11 12 33 38 42  25
 Apr 01  2000 14 17 21 34 38 43  44
 Apr 05  2000 05 17 22 31 40 42  01
 Apr 08  2000 06 23 36 37 38 48  34
 Apr 12  2000 16 21 25 41 43 45  12
 Apr 15  2000 01 02 10 24 37 46  13
 Apr 19  2000 03 07 23 25 29 42  21
 Apr 22  2000 11 16 19 22 32 49  46
 Apr 26  2000 28 38 41 42 45 46  34
 Apr 29  2000 09 10 12 14 22 49  18
 May 03  2000 01 02 10 26 36 39  11
 May 06  2000 02 04 12 34 36 38  47
 May 10  2000 08 09 18 21 40 48  26
 May 13  2000 08 11 29 38 42 43  23
 May 17  2000 10 23 25 38 44 47  41
 May 20  2000 06 11 19 29 42 49  18
 May 24  2000 08 19 28 32 36 45  24
 May 27  2000 02 10 14 15 28 40  17
 May 31  2000 06 12 34 41 46 47  28
 Jun 03  2000 02 06 26 32 41 49  11
 Jun 07  2000 04 14 22 23 40 48  49
 Jun 10  2000 04 13 16 23 38 49  18
 Jun 14  2000 09 11 14 16 26 42  47
 Jun 17  2000 03 09 20 26 36 37  24
 Jun 21  2000 12 20 27 32 38 39  31
 Jun 24  2000 01 22 27 41 42 48  33
 Jun 28  2000 12 22 27 35 36 48  04
 Jul 01  2000 07 11 13 23 29 47  41
 Jul 05  2000 02 12 18 27 28 43  21
 Jul 08  2000 11 14 21 22 28 40  16
 Jul 12  2000 10 28 31 34 35 39  37
 Jul 15  2000 05 12 19 39 41 43  48
 Jul 19  2000 08 12 16 17 42 49  46
 Jul 22  2000 02 04 11 15 28 48  20
 Jul 26  2000 15 32 38 41 42 46  17
 Jul 29  2000 01 04 06 10 24 25  44
 Aug 02  2000 09 11 22 39 42 47  05
 Aug 05  2000 01 11 13 16 20 37  39
 Aug 09  2000 08 11 14 28 29 41  26
 Aug 12  2000 13 17 27 34 35 41  03
 Aug 16  2000 04 13 24 29 30 49  31
 Aug 19  2000 01 06 08 27 31 45  48
 Aug 23  2000 12 17 18 24 31 35  10
 Aug 26  2000 02 09 14 24 27 44  40
 Aug 30  2000 04 14 21 27 41 48  01
 Sep 02  2000 01 26 27 33 42 47  21
 Sep 06  2000 13 28 32 33 42 45  24
 Sep 09  2000 03 12 15 19 29 43  32
 Sep 13  2000 03 06 07 12 21 43  40
 Sep 16  2000 07 10 17 32 33 34  45
 Sep 20  2000 03 20 34 38 42 49  31
 Sep 23  2000 04 16 18 19 33 40  35
 Sep 27  2000 01 09 11 26 29 46  31
 Sep 30  2000 01 02 04 11 24 30  06
 Oct 04  2000 06 11 21 31 40 48  04
 Oct 07  2000 03 18 37 43 45 48  23
 Oct 11  2000 01 02 08 25 37 44  39
 Oct 14  2000 06 11 14 35 39 48  05
 Oct 18  2000 03 04 14 26 27 30  47
 Oct 21  2000 02 04 06 14 30 35  22
 Oct 25  2000 06 09 15 18 25 45  30
 Oct 28  2000 09 15 27 28 33 39  02
 Nov 01  2000 05 08 34 38 39 48  12
 Nov 04  2000 02 17 18 20 33 37  34
 Nov 08  2000 11 20 29 30 43 44  15
 Nov 11  2000 06 11 20 29 33 49  01
 Nov 15  2000 01 14 17 23 44 48  09
 Nov 18  2000 01 11 26 28 40 42  05
 Nov 22  2000 05 14 22 23 30 34  13
 Nov 25  2000 13 28 30 37 38 47  18
 Nov 29  2000 01 06 07 31 37 39  15
 Dec 02  2000 20 26 36 40 43 47  48
 Dec 06  2000 05 08 10 13 26 44  33
 Dec 09  2000 12 17 30 31 33 43  13
 Dec 13  2000 10 13 16 35 42 46  17
 Dec 16  2000 17 18 23 25 30 35  29
 Dec 20  2000 05 17 28 36 46 49  43
 Dec 23  2000 01 14 15 20 33 42  41
 Dec 27  2000 11 19 21 33 34 40  01
 Dec 30  2000 09 18 22 37 45 47  40 
 Jan 03  2001 02 23 29 39 48 49  38
 Jan 06  2001 15 24 36 43 45 48  11
 Jan 10  2001 10 11 26 38 45 48  49
 Jan 13  2001 02 04 18 25 26 47  13
 Jan 17  2001 12 27 42 45 46 49  05
 Jan 20  2001 11 22 39 40 42 46  48
 Jan 24  2001 12 22 32 43 45 46  14
 Jan 27  2001 08 11 14 18 21 37  20 
 Jan 31  2001 01 09 15 18 21 40  32
 Feb 03  2001 01 02 07 25 27 36  30
 Feb 07  2001 05 10 16 33 36 42  09
 Feb 10  2001 10 12 14 26 34 49  22
 Feb 14  2001 20 25 32 38 46 49  12
 Feb 17  2001 02 17 18 23 30 47  39
 Feb 21  2001 02 05 11 12 20 33  48
 Feb 24  2001 01 17 22 27 38 39  20
 Feb 28  2001 10 18 25 31 34 45  22
 Mar 03  2001 06 19 24 36 42 43  29
 Mar 07  2001 26 31 41 42 45 48  05
 Mar 10  2001 01 04 12 17 33 43  41
 Mar 14  2001 04 09 16 17 22 29  02
 Mar 17  2001 13 17 26 35 44 45  18
 Mar 21  2001 04 14 17 20 27 30  25
 Mar 24  2001 13 16 33 35 45 47  02
 Mar 28  2001 02 07 18 22 24 41  14
 Mar 31  2001 07 09 28 37 43 49  01
 Apr 04  2001 08 23 26 29 36 49  01
 Apr 07  2001 18 26 28 35 41 46  08
 Apr 11  2001 03 09 10 11 25 45  41
 Apr 14  2001 15 32 34 35 48 49  21
 Apr 18  2001 06 11 15 37 41 48  27
 Apr 21  2001 24 26 34 37 43 49  18
 Apr 25  2001 12 17 26 27 35 48  01
 Apr 28  2001 19 21 28 32 37 38  10
 May 02  2001 06 22 29 33 39 46  41
 May 05  2001 08 19 23 27 33 38  43
 May 09  2001 03 14 33 36 45 46  39
 May 12  2001 12 17 25 30 36 37  20
 May 16  2001 06 14 27 30 33 49  46
 May 19  2001 10 11 13 19 27 45  40
 May 23  2001 01 02 07 23 30 39  28
 May 26  2001 05 28 31 32 38 49  20
 May 30  2001 05 08 18 39 40 43  49
 Jun 02  2001 13 16 17 27 48 49  26
 Jun 06  2001 02 19 21 39 43 48  17
 Jun 09  2001 07 14 16 26 28 31  19
 Jun 13  2001 03 15 27 30 39 49  16
 Jun 16  2001 01 13 18 20 31 40  07
 Jun 20  2001 08 12 25 28 34 41  45
 Jun 23  2001 07 26 34 35 39 41  14
 Jun 27  2001 08 13 17 22 25 29  36
 Jun 30  2001 01 02 04 08 09 38  13
 Jul 04  2001 02 16 20 23 35 38  07
 Jul 07  2001 30 32 36 39 41 42  01
 Jul 11  2001 25 28 30 32 34 48  03
 Jul 14  2001 04 12 22 28 37 39  01
 Jul 18  2001 02 14 22 24 29 48  42
 Jul 21  2001 09 10 20 22 33 40  35
 Jul 25  2001 09 32 33 39 46 49  34
 Jul 28  2001 01 13 21 28 29 38  30
 Aug 01  2001 02 04 39 41 42 48  23 
 Aug 04  2001 05 08 32 33 38 42  25
 Aug 08  2001 08 21 22 23 29 43  41
 Aug 11  2001 02 12 22 26 48 49  15
 Aug 15  2001 01 23 26 31 38 48  41
 Aug 18  2001 03 04 06 18 28 37  41
 Aug 22  2001 04 10 13 17 27 42  49
 Aug 25  2001 04 15 28 39 41 46  02
 Aug 29  2001 04 14 28 29 31 46  36
 Sep 01  2001 07 11 12 22 34 43  16
 Sep 05  2001 19 35 37 40 47 48  09
 Sep 08  2001 02 14 25 35 45 48  18
 Sep 12  2001 03 08 10 19 31 47  02
 Sep 15  2001 01 03 08 10 17 43  04
 Sep 19  2001 07 10 11 26 30 36  12
 Sep 22  2001 16 20 27 33 40 49  44
 Sep 26  2001 02 03 30 34 35 41  13
 Sep 29  2001 08 17 23 25 27 44  32
 Oct 03  2001 04 05 20 21 27 34  03
 Oct 06  2001 08 15 16 29 38 45  10
 Oct 10  2001 13 14 18 20 34 36  37
 Oct 13  2001 11 20 21 40 41 47  05
 Oct 17  2001 12 32 40 41 45 48  20
 Oct 20  2001 24 27 29 35 38 45  41
 Oct 24  2001 02 10 22 26 37 41  11
 Oct 27  2001 12 15 16 23 40 46  01
 Oct 31  2001 10 20 25 26 34 46  37
 Nov 03  2001 07 40 42 43 47 48  26
 Nov 07  2001 01 04 07 25 29 43  03
 Nov 10  2001 04 10 35 36 41 47  25
 Nov 14  2001 01 13 26 39 42 49  34
 Nov 17  2001 02 03 05 09 16 18  44
 Nov 21  2001 07 14 27 28 31 36  49
 Nov 24  2001 03 15 17 24 38 46  48
 Nov 28  2001 10 12 15 24 46 48  18
 Dec 01  2001 01 03 07 08 27 37  33
 Dec 05  2001 10 19 25 30 43 47  23
 Dec 08  2001 02 12 13 35 39 45  19 
 Dec 12  2001 08 10 21 27 36 40  14
 Dec 15  2001 06 12 18 29 34 35  31
 Dec 19  2001 09 19 24 29 45 47  10
 Dec 22  2001 13 15 20 31 43 46  30
 Dec 26  2001 03 18 19 31 37 42  10
 Dec 29  2001 08 10 13 30 34 41  31
 Jan 02  2002 07 13 17 26 27 35  40
 Jan 05  2002 17 18 22 34 40 48  14
 Jan 09  2002 01 03 20 34 38 43  18
 Jan 12  2002 04 12 19 37 42 47  28
 Jan 16  2002 15 17 22 24 32 47  37
 Jan 19  2002 18 20 22 25 41 47  45
 Jan 23  2002 12 18 31 38 44 47  36
 Jan 26  2002 02 12 40 43 46 48  23
 Jan 30  2002 10 14 16 28 35 36  32
 Feb 02  2002 15 28 31 40 47 49  46
 Feb 06  2002 12 14 19 28 29 33  30
 Feb 09  2002 08 17 22 29 32 48  27
 Feb 13  2002 15 16 27 33 41 45  25
 Feb 16  2002 02 15 18 22 29 45  47
 Feb 20  2002 05 10 19 34 36 38  29
 Feb 23  2002 08 18 19 22 29 40  15
 Feb 27  2002 13 14 17 38 44 48  40
 Mar 02  2002 02 08 16 22 25 47  26
 Mar 06  2002 02 05 15 16 20 45  21
 Mar 09  2002 17 23 28 30 42 46  10
 Mar 13  2002 13 18 25 29 34 47  15
 Mar 16  2002 15 23 29 30 38 48  10
 Mar 20  2002 05 22 28 30 39 44  26
 Mar 23  2002 05 20 37 39 43 48  44
 Mar 27  2002 04 10 13 15 26 46  06
 Mar 30  2002 01 05 13 19 26 37  23
 Apr 03  2002 12 24 26 31 33 49  42
 Apr 06  2002 16 17 22 32 34 49  42
 Apr 10  2002 02 05 09 27 39 47  26
 Apr 13  2002 08 11 18 29 34 49  35
 Apr 17  2002 09 13 18 19 37 47  44
 Apr 20  2002 13 14 17 25 33 49  11
 Apr 24  2002 06 12 13 17 29 34  28
 Apr 27  2002 05 16 18 23 25 29  09
 May 01  2002 12 17 28 35 38 39  40
 May 04  2002 01 06 08 44 45 48  23 
 May 08  2002 08 17 20 35 45 48  19 
 May 11  2002 18 20 23 27 34 48  14 
 May 15  2002 05 15 16 24 30 48  22 
 May 18  2002 04 11 24 25 33 49  37 
 May 22  2002 10 23 35 40 43 49  25 
 May 25  2002 22 24 27 38 48 49  44 
 May 29  2002 16 31 35 43 47 49  03 
 Jun 01  2002 04 05 06 16 18 23  14 
 Jun 05  2002 03 12 17 30 31 41  11 
 Jun 08  2002 13 17 45 46 47 49  35 
 Jun 12  2002 14 17 29 31 36 39  41  
 Jun 15  2002 16 28 33 38 44 47  37 
 Jun 19  2002 13 28 33 47 48 49  26 
 Jun 22  2002 23 25 26 40 43 45  13 
 Jun 26  2002 24 25 35 41 42 46  08 
 Jun 29  2002 08 17 19 23 39 45  13
 Jul 03  2002 16 17 28 34 35 42  20 
 Jul 06  2002 03 15 17 30 33 47  22 
 Jul 10  2002 03 12 19 28 31 41  49   
 Jul 13  2002 05 14 21 23 28 30  24 
 Jul 17  2002 04 10 13 27 35 49  25 
 Jul 20  2002 01 02 08 31 34 43  36 
 Jul 24  2002 11 32 33 37 42 46  04 
 Jul 27  2002 09 14 17 32 43 44  06  
 Jul 31  2002 09 13 16 20 24 35  04 
 Aug 03  2002 16 21 35 39 45 46  19 
 Aug 07  2002 01 03 15 19 26 40  02 
 Aug 10  2002 03 06 07 10 11 46  09 
 Aug 14  2002 08 12 14 34 40 45  06 
 Aug 17  2002 17 20 31 32 41 49  11 
 Aug 21  2002 12 27 30 38 39 48  32 
 Aug 24  2002 11 13 23 35 38 49  47 
 Aug 28  2002 06 10 15 32 42 48  35 
 Aug 31  2002 16 19 26 29 35 36  14 
 Sep 04  2002 03 08 15 19 37 43  41 
 Sep 07  2002 08 15 24 26 29 33  44 
 Sep 11  2002 05 08 27 32 40 44  10 
 Sep 14  2002 02 06 10 24 29 35  40  
 Sep 18  2002 03 11 16 25 30 31  21
 Sep 21  2002 10 16 23 26 32 42  29 
 Sep 25  2002 10 12 13 14 30 34  37 
 Sep 28  2002 27 30 32 42 43 44  19 
 Oct 02  2002 02 08 14 18 26 38  43  
 Oct 05  2002 03 05 07 17 31 38  33 
 Oct 09  2002 04 14 25 39 42 48  21 
 Oct 12  2002 02 03 10 21 37 44  19 
 Oct 16  2002 06 10 16 29 34 47  13 
 Oct 19  2002 06 15 23 24 31 48  43 
 Oct 23  2002 07 17 22 25 32 38  30 
 Oct 26  2002 01 10 14 21 43 46  16 
 Oct 30  2002 04 08 18 25 31 47  11
 Nov 02  2002 01 05 09 27 33 44  08  
 Nov 06  2002 03 10 12 14 23 32  26 
 Nov 09  2002 01 12 24 29 30 44  48 
 Nov 13  2002 08 12 25 31 35 42  36 
 Nov 16  2002 06 07 09 24 44 45  36 
 Nov 20  2002 08 11 19 22 34 48  28 
 Nov 23  2002 02 05 27 33 38 41  14 
 Nov 27  2002 03 10 18 29 33 45  14 
 Nov 30  2002 06 11 26 29 37 49  12 
 Dec 04  2002 08 17 25 26 33 34  42 
 Dec 07  2002 02 06 11 12 19 39  37 
 Dec 11  2002 06 20 21 31 42 48  30 
 Dec 14  2002 05 11 14 29 31 47  46 
 Dec 18  2002 01 13 26 29 35 42  40 
 Dec 21  2002 04 08 14 22 33 34  15  
 Dec 25  2002 03 10 35 36 37 38  40 
 Dec 28  2002 17 25 37 40 42 45  44 
 Jan 01  2003 01 15 24 40 43 45  41 
 Jan 04  2003 10 14 17 36 42 47  32 
 Jan 08  2003 11 16 27 31 37 39  19 
 Jan 11  2003 03 10 38 40 42 47  19 
 Jan 15  2003 01 22 34 35 45 47  39 
 Jan 18  2003 02 08 21 24 36 42  40 
 Jan 22  2003 08 13 18 43 45 49  48 
 Jan 25  2003 12 25 28 31 45 48  15 
 Jan 29  2003 01 05 16 24 34 44  08 
 Feb 01  2003 02 04 19 26 39 43  28 
 Feb 05  2003 01 03 05 19 38 48  46 
 Feb 08  2003 03 24 36 44 46 49  20 
 Feb 12  2003 11 12 22 27 32 48  15 
 Feb 15  2003 08 16 19 29 38 41  47 
 Feb 19  2003 06 11 38 40 47 49  25 
 Feb 22  2003 04 23 25 27 36 44  29 
 Feb 26  2003 18 22 25 32 33 39  24
 Mar 01  2003 01 03 24 27 33 49  22 
 Mar 05  2003 07 17 19 29 40 48  44 
 Mar 08  2003 11 19 25 39 41 44  27 
 Mar 12  2003 05 12 16 17 19 31  35 
 Mar 15  2003 04 14 16 24 34 43  35 
 Mar 19  2003 07 08 13 32 36 48  22 
 Mar 22  2003 02 23 30 32 33 39  28 
 Mar 26  2003 01 15 19 25 40 41  33 
 Mar 29  2003 03 17 21 27 37 41  45 
 Apr 02  3003 08 10 42 46 47 48  16 
 Apr 05  2003 10 14 22 30 37 49  21 
 Apr 09  2003 03 06 13 20 29 42  49 
 Apr 12  2003 06 09 10 13 17 36  31 
 Apr 16  2003 09 12 14 18 37 46  41 
 Apr 19  2003 06 11 24 25 39 48  40 
 Apr 23  2003 05 08 33 34 36 48  41 
 Apr 26  2003 01 02 12 39 42 46  04 
 Apr 30  2003 17 25 26 30 31 37  27 
 May 03  2003 05 10 12 15 16 45  48 
 May 07  2003 05 06 18 20 46 48  01 
 May 10  2003 02 18 22 32 37 45  12 
 May 14  2003 24 25 34 39 40 49  16 
 May 17  2003 05 19 30 32 43 49  44 
 May 21  2003 12 28 35 44 45 48  09 
 May 24  2003 01 02 19 22 23 26  36 
 May 28  2003 10 24 39 40 43 47  14 
 May 31  2003 03 11 14 18 39 43  05 
 Jun 04  2003 09 10 20 29 30 42  19 
 Jun 07  2003 07 12 19 41 44 45  30 
 Jun 11  2003 09 16 17 19 22 23  15 
 Jun 14  2003 11 17 19 26 27 46  44 
 Jun 18  2003 02 03 19 27 35 48  26 
 Jun 21  2003 10 15 21 30 36 41  44 
 Jun 25  2003 03 07 13 17 20 44  06 
 Jun 28  2003 07 09 12 17 26 36  33
 Jul 02  2003 08 10 16 18 19 44  25 
 Jul 05  2003 04 08 19 20 25 32  36 
 Jul 09  2003 06 24 25 31 32 46  12 
 Jul 12  2003 03 15 23 26 34 42  44 
 Jul 16  2003 03 33 35 38 43 47  22 
 Jul 19  2003 01 12 13 15 36 38  39 
 Jul 23  2003 02 03 21 28 35 41  16 
 Jul 26  2003 08 16 31 35 38 49  04 
 Jul 30  2003 05 07 10 16 26 31  29
 Aug 02  2003 07 14 16 24 28 36  35 
 Aug 06  2003 01 04 07 08 09 36  46 
 Aug 09  2003 12 17 30 31 37 39  22 
 Aug 13  2003 06 08 09 19 35 45  44 
 Aug 16  2003 02 11 31 33 40 41  28 
 Aug 20  2003 01 08 28 33 34 41  49 
 Aug 23  2003 02 19 25 27 33 37  34  
 Aug 27  2003 22 25 31 44 46 48  09 
 Aug 30  2003 02 05 08 09 20 45  10
 Sep 03  2003 02 04 07 09 42 47  15
 Sep 06  2003 03 06 08 09 10 44  22  
 Sep 10  2003 08 17 20 32 37 44  42  
 Sep 13  2003 14 21 25 36 47 48  12 
 Sep 17  2003 10 15 19 20 29 32  14
 Sep 20  2003 06 09 10 11 12 13  26  
 Sep 24  2003 03 05 19 43 45 47  12 
 Sep 27  2003 04 10 17 19 37 49  30 
 Oct 01  2003 05 07 14 17 20 33  28
 Oct 04  2003 17 19 26 40 45 49  44 
 Oct 08  2003 13 18 28 33 37 43  17
 Oct 11  2003 07 11 12 13 45 46  08
 Oct 15  2003 15 18 31 33 38 40  39 
 Oct 18  2003 03 06 09 21 34 35  10 
 Oct 22  2003 11 12 13 17 25 33  24
 Oct 25  2003 04 27 31 32 33 37  11
 Oct 29  2003 01 09 13 29 37 47  17
 Nov 01  2003 03 14 21 36 45 46  33  
 Nov 05  2003 04 05 12 15 18 41  39  
 Nov 08  2003 09 12 24 35 45 47  16 
 Nov 12  2003 01 05 17 21 29 45  38 
 Nov 15  2003 01 15 25 27 37 41  22
 Nov 19  2003 21 30 35 37 40 47  45
 Nov 22  2003 03 19 22 29 34 36  15 
 Nov 26  2003 02 04 08 21 30 34  33  
 Nov 29  2003 09 11 13 27 43 46  08
 Dec 03  2003 01 03 15 19 29 30  22
 Dec 06  2003 02 04 09 24 29 35  47 
 Dec 10  2003 09 11 26 35 37 47  48
 Dec 13  2003 15 20 31 37 38 48  18
 Dec 17  2003 13 15 24 34 47 49  03 
 Dec 20  2003 13 22 23 28 32 38  07 
 Dec 24  2003 02 23 38 39 44 47  14
 Dec 27  2003 05 09 17 21 30 37  45
 Dec 31  2003 01 02 16 23 36 47  09      
 Jan 03  2004 03 04 22 33 42 44  34
 Jan 07  2004 02 17 21 25 27 34  19  
 Jan 10  2004 04 12 25 26 31 47  32
 Jan 14  2004 03 06 12 15 43 48  42  
 Jan 17  2004 09 21 23 30 31 47  24 
 Jan 21  2004 05 17 23 31 36 45  49
 Jan 24  2004 11 22 28 37 46 48  13 
 Jan 28  2004 06 08 30 40 44 48  49  
 Jan 31  2004 08 26 38 39 44 45  30 
 Feb 04  2004 01 10 11 24 48 49  36 
 Feb 07  2004 09 15 22 23 26 42  43
 Feb 11  2004 03 19 23 31 32 42  41 
 Feb 14  2004 09 10 23 37 40 46  48
 Feb 18  2004 08 15 16 18 40 49  09  
 Feb 21  2004 12 32 33 35 40 49  27
 Feb 25  2004 14 30 36 41 42 48  40 
 Feb 28  2004 15 20 22 35 38 42  45 
 Mar 03  2004 14 21 30 45 48 49  42 
 Mar 06  2004 02 05 13 17 33 40  01
 Mar 10  2004 02 11 16 26 45 47  49
 Mar 13  2004 17 19 20 24 33 39  48
 Mar 17  2004 06 07 16 40 44 47  17 
 Mar 20  2004 09 15 29 31 37 45  43 
 Mar 24  2004 01 03 34 35 38 39  12 
 Mar 27  2004 10 11 28 33 40 43  41 
 Mar 31  2004 06 12 13 17 32 40  16
 Apr 03  2004 08 18 28 38 44 47  34
 Apr 07  2004 02 03 12 18 23 40  26 
 Apr 10  2004 03 05 22 31 35 44  11 
 Apr 14  2004 06 08 10 11 13 31  26 
 Apr 17  2004 12 22 27 31 38 48  10
 Apr 21  2004 01 07 12 22 24 48  30 
 Apr 24  2004 01 15 18 20 46 49  07
 Apr 28  2004 08 11 31 36 38 49  34
 May 01  2004 01 05 07 11 22 25  36   
 May 05  2004 01 09 11 13 32 41  48
 May 08  2004 05 14 29 31 37 39  18
 May 12  2004 01 08 24 26 30 42  22  
 May 15  2004 04 15 26 30 33 48  20
 May 19  2004 01 16 20 26 27 49  08  
 May 22  2004 07 10 20 22 34 38  16  
 May 26  2004 11 25 30 38 40 45  12
 May 29  2004 04 31 33 42 47 49  02 
 Jun 02  2004 01 19 20 25 33 42  41 
 Jun 05  2004 18 23 30 34 36 38  25 
 Jun 09  2004 06 17 23 30 39 45  32
 Jun 12  2004 03 20 21 25 30 43  33
 Jun 16  2004 03 05 08 18 27 37  29
 Jun 19  2004 28 36 38 40 44 46  19
 Jun 23  2004 01 08 10 38 42 47  20
 Jun 26  2004 04 05 13 34 40 48  21  
 Jun 30  2004 04 14 23 36 39 45  46
 Jul 03  2004 05 06 18 32 35 44  15    
 Jul 07  2004 03 04 21 29 34 38  43 
 Jul 10  2004 07 10 11 25 29 35  09
 Jul 14  2004 05 14 17 28 31 33  18 
 Jul 17  2004 05 06 16 23 28 38  39  
 Jul 21  2004 07 09 12 28 34 43  32 
 Jul 24  2004 03 06 08 24 28 38  07 
 Jul 28  2004 06 09 24 28 32 41  46  
 Jul 31  2004 05 21 22 26 28 40  45  
 Aug 04  2004 02 05 18 22 23 37  20 
 Aug 07  2004 04 07 12 25 26 32  06
 Aug 11  2004 04 05 19 31 33 36  14
 Aug 14  2004 02 12 19 23 29 31  40
 Aug 18  2004 01 05 12 32 42 49  29
 Aug 21  2004 01 03 09 25 34 48  13     
 Aug 25  2004 04 08 17 34 39 48  16  
 Aug 28  2004 04 11 12 21 38 39  03 
 Sep 01  2004 07 10 15 30 34 44  31
 Sep 04  2004 13 16 20 34 35 47  40  
 Sep 08  2004 08 09 12 16 23 39  03
 Sep 11  2004 24 26 36 41 42 47  15
 Sep 15  2004 02 15 20 23 26 38  49  
 Sep 18  2004 08 15 16 20 21 26  38 
 Sep 22  2004 27 29 32 44 45 47  25 
 Sep 25  2004 14 20 23 31 42 46  27  
 Sep 29  2004 07 13 29 38 44 45  12
 Oct 02  2004 02 06 25 29 36 47  34 
 Oct 06  2004 24 32 33 35 41 45  11 
 Oct 09  2004 30 31 37 41 42 46  04
 Oct 13  2004 04 28 33 35 39 47  37 
 Oct 16  2004 14 19 23 26 46 48  25
 Oct 20  2004 15 16 17 29 39 42  28 
 Oct 23  2004 10 13 25 26 37 41  42
 Oct 27  2004 25 28 31 35 42 46  18  
 Oct 30  2004 20 21 22 32 37 46  03
 Nov 03  2004 06 16 21 27 43 47  02   
 Nov 06  2004 24 25 34 36 37 41  17 
 Nov 10  2004 01 06 09 21 30 42  31 
 Nov 13  2004 09 11 25 30 32 43  38 
 Nov 17  2004 04 06 20 29 30 39  14
 Nov 20  2004 07 09 21 25 47 48  24  
 Nov 24  2004 10 12 14 18 24 35  06
 Nov 27  2004 07 13 33 34 41 46  32
 Dec 01  2004 07 35 36 42 45 48  22   
 Dec 04  2004 11 29 30 33 42 45  09 
 Dec 08  2004 06 10 12 25 32 48  07 
 Dec 11  2004 11 14 20 23 24 32  44 
 Dec 15  2004 26 28 34 35 41 43  45
 Dec 18  2004 03 20 27 34 39 42  37 
 Dec 22  2004 28 37 38 39 48 49  16
 Dec 25  2004 03 10 21 28 34 36  25
 Dec 29  2004 02 14 30 37 46 49  16  
 Jan 01  2005 01 07 21 25 30 43  20
 Jan 05  2005 07 09 26 34 44 49  24 
 Jan 08  2005 14 17 25 36 38 39  07
 Jan 12  2005 04 21 26 27 30 34  49
 Jan 15  2005 02 11 23 30 38 39  14
 Jan 19  2005 11 26 30 35 44 47  41  
 Jan 22  2005 09 11 18 36 38 47  23  
 Jan 26  2005 03 12 19 23 26 37  14
 Jan 29  2005 02 20 28 29 34 49  33 
 Feb 02  2005 03 05 15 21 24 41  30
 Feb 05  2005 03 04 16 19 41 45  07  
 Feb 09  2005 01 04 05 22 27 32  15
 Feb 12  2005 01 06 09 13 35 48  16
 Feb 16  2005 05 09 11 21 22 30  10
 Feb 19  2005 01 11 20 24 37 41  33
 Feb 23  2005 05 07 19 23 26 34  28 
 Feb 26  2005 15 27 35 40 42 46  47  
 Mar 02  2005 03 09 20 25 30 49  28 
 Mar 05  2005 02 09 22 28 30 43  18
 Mar 09  2005 03 08 11 15 29 39  25
 Mar 12  2005 03 09 17 21 36 38  48 
 Mar 16  2005 21 31 35 43 45 48  19  
 Mar 19  2005 05 06 12 18 26 47  03  
 Mar 23  2005 01 05 10 11 18 45  29   
 Mar 26  2005 04 13 23 30 32 36  02 
 Mar 30  2005 12 33 35 41 43 45  40 
 Apr 02  2005 19 27 37 41 43 46  35  
 Apr 06  2005 20 31 32 34 35 38  28  
 Apr 09  2005 12 18 29 34 36 49  17 
 Apr 13  2005 14 15 19 22 23 27  08
 Apr 16  2005 04 08 09 25 32 38  30
 Apr 20  2005 03 19 20 28 42 46  12
 Apr 23  2005 01 10 16 23 26 37  19 
 Apr 27  2005 17 26 27 28 31 45  07
 Apr 30  2005 02 06 13 17 22 23  27  
 May 04  2005 01 08 13 23 27 38  20
 May 07  2005 13 18 24 27 38 42  32 
 May 11  2005 06 12 30 38 39 40  04 
 May 14  2005 01 22 25 33 41 46  21
 May 18  2005 05 07 10 11 14 29  33
 May 21  2005 01 06 34 39 40 42  18  
 May 25  2005 01 13 23 30 34 42  31 
 May 28  2005 03 06 11 25 31 46  47 
 Jun 01  2005 01 16 22 23 45 49  35 
 Jun 04  2005 09 10 17 35 40 43  44 
 Jun 08  2005 23 28 31 32 35 49  48 
 Jun 11  2005 03 06 25 27 39 48  29 
 Jun 15  2005 07 08 24 34 38 45  42 
 Jun 18  2005 02 12 25 30 38 45  29 
 Jun 22  2005 14 20 24 27 44 45  05
 Jun 25  2005 13 31 44 46 48 49  17  
 Jun 29  2005 04 08 15 28 30 32  05 
 Jul 02  2005 19 28 35 40 43 47  42 
 Jul 06  2005 01 03 09 12 15 41  18 
 Jul 09  2005 06 22 23 27 36 44  33 
 Jul 13  2005 17 26 32 39 43 49  05
 Jul 16  2005 05 23 25 31 32 44  48   
 Jul 20  2005 13 15 24 33 46 48  14
 Jul 23  2005 01 18 20 23 44 45  31  
 Jul 27  2005 04 08 11 16 21 31  30
 Jul 30  2005 06 07 11 13 14 35  28 
 Aug 03  2005 08 15 32 35 42 49  30  
 Aug 06  2005 04 08 10 14 21 35  38 
 Aug 10  2005 03 17 18 20 25 49  40 
 Aug 13  2005 07 10 14 17 26 39  02 
 Aug 17  2005 13 32 38 39 40 43  31
 Aug 20  2005 03 05 22 35 46 47  12  
 Aug 24  2005 11 15 17 30 38 45  44
 Aug 27  2005 01 04 11 26 38 47  29  
 Aug 31  2005 09 10 15 18 29 33  43
 Sep 03  2005 05 18 22 30 44 49  41   
 Sep 07  2005 02 12 30 34 36 45  40 
 Sep 10  2005 01 13 19 29 31 35  21
 Sep 14  2005 08 22 29 30 42 49  13 
 Sep 17  2005 07 19 20 26 27 39  35 
 Sep 21  2005 11 18 22 30 41 45  33  
 Sep 24  2005 01 17 28 31 44 48  21
 Sep 28  2005 03 19 25 34 38 45  30
 Oct 01  2005 10 13 31 32 35 42  05 
 Oct 05  2005 05 07 12 19 26 36  35 
 Oct 08  2005 07 22 34 35 41 47  29 
 Oct 12  2005 07 08 25 31 42 48  37 
 Oct 15  2005 14 19 32 40 42 47  15 
 Oct 19  2005 04 26 28 40 47 48  30 
 Oct 22  2005 04 30 33 34 41 44  28 
 Oct 26  2005 01 05 09 17 20 30  19 
 Oct 29  2005 05 22 28 30 33 49  19
 Nov 02  2005 03 18 22 39 48 49  05  
 Noc 05  2005 05 10 21 34 40 49  11 
 Nov 09  2005 11 18 26 31 32 37  44 
 Nov 12  2005 08 18 32 35 38 42  27 
 Nov 16  2005 13 14 18 26 32 42  45 
 Nov 19  2005 22 23 27 31 38 45  39 
 Nov 23  2005 13 18 20 30 35 40  49 
 Nov 26  2005 12 31 43 45 48 49  11
 Nov 30  2005 03 06 37 38 45 47  28 
 Dec 03  2005 23 27 32 33 45 47  07 
 Dec 07  2005 30 39 43 47 48 49  41
 Dec 10  2005 01 06 25 35 43 49  41
 Dec 14  2005 14 18 20 26 35 49  22
 Dec 17  2005 03 21 23 28 31 34  17
 Dec 21  2005 24 31 32 40 44 49  45
 Dec 24  2005 03 04 07 12 17 41  40
 Dec 28  2005 01 10 25 29 34 45  23
 Dec 31  2005 01 22 27 28 37 42  34
 Jan 04  2006 04 20 37 39 43 44  26
 Jan 07  2006 17 19 22 28 33 39  26
 Jan 11  2006 06 12 21 28 46 49  11
 Jan 14  2006 04 08 11 36 43 47  14
 Jan 18  2006 10 14 15 21 23 40  12
 Jan 21  2006 12 16 25 27 33 43  04
 Jan 25  2006 08 24 29 30 46 49  11
 Jan 28  2006 13 25 27 28 30 37  12
 Feb 02  2006 03 12 13 17 28 44  29
 Feb 04  2006 11 16 23 34 44 47  22
 Feb 08  2006 21 22 24 25 31 48  04
 Feb 11  2006 07 19 22 25 32 47  37
 Feb 15  2006 01 03 04 05 14 42  17
 Feb 18  2006 04 13 25 27 29 41  09
 Feb 22  2006 08 10 11 15 21 34  23
 Feb 25  2006 03 10 15 22 27 29  11
 Mar 01  2006 04 16 18 29 33 39  03
 Mar 04  2006 03 21 26 40 46 49  39
 Mar 08  2006 05 22 38 41 43 47  46
 Mar 11  2006 02 07 11 15 30 46  13
 Mar 15  2006 09 20 25 31 36 39  40
 Mar 18  2006 08 26 27 33 40 46  04
 Mar 22  2006 01 08 14 25 27 28  09
 Mar 25  2006 15 17 23 37 47 49  38
 Mar 29  2006 20 24 25 26 33 48  45
 Apr 01  2006 01 13 32 33 40 43  25
 Apr 05  2006 01 05 09 13 33 45  23
 Apr 08  2006 05 06 28 31 44 46  02
 Apr 12  2006 06 23 28 32 38 46  43
 Apr 15  2006 10 12 16 43 46 49  23
 Apr 19  2006 02 07 32 35 47 48  16
 Apr 22  2006 02 07 21 27 43 48  12
 Apr 26  2006 01 04 27 36 40 44  16
 Apr 29  2006 03 07 14 20 27 31  44
 May 03  2006 04 09 10 15 16 24  43
 May 06  2006 22 31 32 34 40 43  48
 May 10  2006 03 23 30 33 34 41  36
 May 13  2006 08 15 18 19 33 42  17
 May 17  2006 06 07 08 13 25 36  04
 May 20  2006 02 03 11 34 42 48  15
 May 24  2006 04 18 21 24 28 37  16
 May 27  2006 05 10 13 18 37 47  46
 May 31  2006 07 12 16 17 33 49  44
 Jun 03  2006 06 11 22 34 47 48  27
 Jun 07  2006 06 25 26 27 31 37  45
 Jun 10  2006 11 16 20 25 29 46  27
 Jun 14  2006 02 16 21 24 26 40  05
 Jun 17  2006 08 15 27 31 47 49  45
 Jun 21  2006 05 15 23 34 48 49  28
 Jun 24  2006 01 07 10 20 29 34  14
 Jun 28  2006 06 17 29 38 45 48  42
 Jul 01  2006 03 23 33 34 36 49  45
 Jul 05  2006 01 04 24 40 47 48  16
 Jul 08  2006 08 19 23 30 32 47  31
 Jul 12  2006 06 15 26 31 35 37  46
 Jul 15  2006 11 23 24 29 43 44  31
 Jul 19  2006 01 02 09 22 29 37  18
 Jul 22  2006 02 09 15 28 33 40  07
 Jul 26  2006 02 11 15 23 33 37  24
 Jul 29  2006 24 25 26 33 38 42  14
 Aug 02  2006 06 16 28 31 40 49  29
 Aug 05  2006 08 22 34 42 44 45  16
 Aug 09  2006 11 18 20 21 29 33  10
 Aug 12  2006 10 16 20 22 30 38  02
 Aug 16  2006 10 19 21 35 43 44  16
 Aug 19  2006 11 17 23 39 42 44  49
 Aug 23  2006 01 06 12 16 33 45  41
 Aug 26  2006 05 06 26 28 31 41  29
 Aug 30  2006 06 19 30 31 39 45  08
 Sep 02  2006 32 33 38 41 44 48  19
 Sep 06  2006 03 07 08 10 25 35  38
 Sep 09  2006 02 13 20 27 42 44  11
 Sep 13  2006 13 15 21 33 41 45  25
 Sep 16  2006 22 29 30 31 40 47  26
 Sep 20  2006 07 08 28 31 39 46  40
 Sep 23  2006 08 10 17 23 34 42  40
 Sep 27  2006 03 15 18 22 31 46  06
 Sep 30  2006 27 32 34 38 41 48  37
 Oct 04  2006 01 06 21 26 32 47  15
 Oct 07  2006 08 10 11 14 28 29  09
 Oct 11  2006 12 20 24 26 30 35  15
 Oct 14  2006 11 19 20 24 31 49  12
 Oct 18  2006 07 14 15 23 31 36  22
 Oct 21  2006 14 22 25 41 43 49  08
 Oct 25  2006 01 12 23 31 34 35  19
 Oct 28  2006 05 19 20 41 42 49  34
 Nov 01  2006 03 05 10 20 34 42  25
 Nov 04  2006 02 07 18 37 41 45  40        
 Nov 08  2006 04 27 37 39 43 49  17
 Nov 11  2006 02 07 25 27 44 48  14
 Nov 15  2006 11 28 35 37 42 44  39
 Nov 18  2006 20 29 31 35 37 47  27 
 Nov 22  2006 14 16 23 25 43 46  44
 Nov 25  2006 07 10 25 26 28 37  15
 Nov 29  2006 07 20 25 30 39 41  05
 Dec 02  2006 05 14 20 36 38 45  47 
 Dec 06  2006 02 06 07 08 24 46  17
 Dec 09  2006 07 13 15 30 43 45  10
 Dec 13  2006 07 09 29 37 41 43  13
 Dec 16  2006 04 10 13 18 21 44  16
 Dec 20  2006 10 13 18 22 23 48  35
 Dec 23  2006 01 08 20 45 46 49  42
 Dec 27  2006 02 13 34 37 40 47  43
 Dec 30  2006 09 17 22 40 41 43  01
 Jan 03  2007 08 10 28 36 44 46  35
 Jan 06  2007 05 15 25 35 37 45  22
 Jan 10  2007 01 12 24 27 31 41  33
 Jan 13  2007 04 05 21 38 41 44  12
 Jan 17  2007 10 28 29 30 32 41  14
 Jan 20  2007 10 12 26 35 41 47  30
 Jan 24  2007 03 08 18 19 43 45  02
 Jan 27  2007 12 18 20 22 24 30  36
 Jan 31  2007 14 19 30 35 39 48  16
 Feb 03  2007 12 27 28 29 40 42  01
 Feb 07  2007 11 17 19 34 36 39  12
 Feb 10  2007 03 05 06 22 31 43  02
 Feb 14  2007 11 26 27 32 42 48  46
 Feb 17  2007 04 10 28 31 40 49  37
 Feb 21  2007 06 29 31 40 44 49  45
 Feb 24  2007 07 12 18 37 40 45  11
 Feb 28  2007 02 19 31 34 39 41  01 
 Mar 03  2007 13 28 30 36 38 49  47
 Mar 07  2007 04 16 24 36 41 45  06
 Mar 10  2007 02 03 09 19 37 43  21
 Mar 14  2007 05 07 09 23 30 36  35
 Mar 17  2007 09 10 14 32 34 44  05
 Mar 21  2007 09 11 18 20 29 46  07
 Mar 24  2007 04 17 27 30 39 49  31
 Mar 28  2007 14 20 21 23 27 30  04
 Mar 31  2007 09 13 16 19 31 37  46
 Apr 04  2007 05 07 13 17 18 40  37
 Apr 07  2007 06 08 12 26 31 34  11
 Apr 11  2007 03 05 06 17 30 35  48
 Apr 14  2007 26 29 30 37 39 48  02
 Apr 18  2007 07 20 29 32 42 47  46
 Apr 21  2007 04 07 09 13 17 24  06
 Apr 25  2007 08 11 12 22 36 43  33
 Apr 28  2007 22 23 24 29 34 45  25
 May 02  2007 03 06 22 34 35 48  16
 May 05  2007 04 19 24 28 32 35  27
 May 09  2007 20 21 24 33 38 40  35
 May 12  2007 06 08 10 21 26 37  28
 May 16  2007 05 07 21 22 35 46  06
 May 19  2007 23 24 29 40 46 48  13
 May 23  2007 02 09 14 19 43 48  46
 May 26  2007 07 11 16 31 47 49  18
 May 30  2007 08 10 12 25 38 45  01
 Jun 02  2007 04 05 23 32 46 48  27
 Jun 06  2007 01 08 34 39 41 48  21
 Jun 09  2007 04 13 17 19 32 44  41
 Jun 13  2007 04 06 11 14 25 43  18
 Jun 16  2007 05 09 16 19 30 38  43
 Jun 20  2007 13 23 30 31 39 46  16
 Jun 23  2007 19 20 27 28 42 49  38
 Jun 27  2007 01 04 10 11 23 25  42
 Jun 30  2007 05 13 19 33 38 39  03
 Jul 04  2007 06 12 22 24 28 29  49
 Jul 07  2007 02 04 08 18 31 43  21
 Jul 11  2007 02 09 15 26 32 39  23
 Jul 14  2007 02 06 13 18 19 42  48
 Jul 18  2007 06 23 24 30 31 45  43
 Jul 21  2007 04 06 07 22 31 32  13
 Jul 25  2007 08 24 27 34 42 47  29
 Jul 28  2007 17 19 21 23 42 47  18
 Aug 01  2007 11 15 16 25 40 49  23
 Aug 04  2007 06 14 28 30 32 35  44
 Aug 08  2007 10 12 13 21 38 43  05
 Aug 11  2007 05 21 25 27 33 37  20
 Aug 15  2007 15 30 34 35 37 44  18
 Aug 18  2007 01 19 21 31 34 46  43
 Aug 22  2007 17 19 22 23 31 41  13
 Aug 25  2007 08 10 13 16 40 45  05
 Aug 29  2007 10 15 17 18 27 33  28
 Sep 01  2007 05 07 19 36 38 40  37
 Sep 05  2007 05 09 19 21 41 47  31
 Sep 08  2007 07 19 36 40 44 45  08
 Sep 12  2007 04 19 23 27 36 39  03
 Sep 15  2007 01 02 10 11 25 41  30
 Sep 19  2007 22 23 29 36 43 44  19
 Sep 22  2007 01 03 06 20 37 49  04
 Sep 26  2007 14 18 25 30 44 47  20
 Sep 29  2007 16 21 35 37 39 45  34
 Oct 03  2007 22 27 33 35 36 42  45
 Oct 06  2007 13 22 35 37 44 47  18
 Oct 10  2007 04 18 29 38 39 46  33
 Oct 13  2007 12 14 24 29 30 43  17
 Oct 17  2007 03 04 12 19 20 42  30
 Oct 20  2007 15 23 30 33 37 42  43
 Oct 24  2007 07 09 27 29 44 45  26
 Oct 27  2007 05 10 24 27 34 35  23
 Oct 31  2007 02 19 20 28 31 47  14
 Nov 03  2007 03 10 20 33 39 44  31
 Nov 07  2007 02 05 22 23 26 44  16
 Nov 10  2007 01 02 25 36 38 45  47
 Nov 14  2007 02 14 17 23 24 32  29
 Nov 17  2007 03 07 10 23 25 43  46
 Nov 21  2007 14 31 34 35 42 43  19
 Nov 24  2007 07 16 18 20 31 47  43
 Nov 28  2007 18 22 28 34 39 41  15
 Dec 01  2007 01 07 14 21 33 48  49
 Dec 05  2007 07 10 18 20 23 37  17
 Dec 08  2007 12 14 28 35 36 49  06
 Dec 12  2007 02 25 28 40 46 48  32
 Dec 15  2007 08 10 34 42 45 48  37
 Dec 19  2007 10 11 20 39 40 43  07
 Dec 22  2007 18 19 21 22 25 37  45
 Dec 26  2007 08 16 21 27 33 44  14
 Dec 29  2007 02 03 08 11 15 33  38
 Jan 02  2008 08 14 17 24 47 48  07
 Jan 05  2008 04 16 24 25 36 39  19
 Jan 09  2008 04 15 28 36 38 41  11
 Jan 12  2008 16 17 18 39 43 46  14
 Jan 16  2008 07 09 28 30 37 47  21
 Jan 19  2008 12 13 27 31 42 46  23
 Jan 23  2008 02 09 12 16 36 42  43
 Jan 26  2008 05 13 17 37 39 45  19
 Jan 30  2008 01 20 21 29 40 47  31
 Feb 02  2008 06 11 14 29 32 44  40
 Feb 06  2008 01 30 31 33 35 49  09
 Feb 09  2008 26 29 31 33 36 39  10
 Feb 13  2008 01 04 09 10 15 26  40
 Feb 16  2008 05 13 24 30 33 46  49
 Feb 20  2008 05 11 16 22 24 33  46
 Feb 23  2008 02 08 12 23 32 42  04
 Feb 27  2008 02 15 23 33 35 47  19
 Mar 01  2008 11 12 17 20 33 41  21
 Mar 05  2008 14 15 23 26 28 44  39
 Mar 08  2008 01 06 09 10 16 32  11
 Mar 12  2008 21 26 33 41 42 45  15
 Mar 15  2008 13 24 26 33 44 49  37
 Mar 19  2008 10 14 15 27 33 35  38
 Mar 22  2008 14 18 38 39 41 42  37
 Mar 26  2008 02 08 15 20 23 42  14
 Mar 29  2008 11 20 28 31 37 38  33
 Apr 02  2008 03 26 33 35 40 49  39
 Apr 05  2008 22 26 27 28 37 47  18
 Apr 09  2008 09 12 13 31 38 41  19
 Apr 12  2008 09 10 13 29 32 33  11
 Apr 16  2008 04 30 32 36 38 46  34
 Apr 19  2008 03 05 07 09 10 38  47
 Apr 23  2008 22 23 29 33 34 46  20
 Apr 26  2008 01 07 09 16 25 39  11
 Apr 30  2008 15 17 18 19 28 30  02
 May 03  2008 04 07 20 26 29 39  44
 May 07  2008 13 16 22 41 42 46  38
 May 10  2008 07 10 19 21 22 34  36
 May 14  2008 10 14 18 35 38 48  33
 May 17  2008 14 15 17 32 38 42  39
 May 21  2008 20 24 25 32 36 40  29
 May 24  2008 06 13 19 23 34 42  26
 May 28  2008 06 12 13 27 28 41  21
 May 31  2008 14 16 36 37 38 44  48
 Jun 04  2008 10 16 27 31 39 42  03
 Jun 07  2008 18 20 29 38 43 47  05
 Jun 11  2008 08 15 27 34 39 40  21
 Jun 14  2008 01 04 09 19 39 41  43
 Jun 18  2008 19 36 42 45 47 49  11
 Jun 21  2008 02 05 14 36 40 41  12
 Jun 25  2008 07 08 10 14 15 17  18
 Jun 28  2008 08 17 19 24 25 34  32
 Jul 02  2008 09 12 22 40 42 49  32
 Jul 05  2008 03 11 29 30 38 41  34
 Jul 09  2008 03 12 20 22 29 48  40
 Jul 12  2008 15 24 26 29 41 49  07
 Jul 16  2008 08 11 23 31 34 46  09
 Jul 19  2008 15 16 29 32 35 49  23
 Jul 23  2008 02 03 12 29 31 39  27
 Jul 26  2008 23 25 26 29 35 47  07
 Jul 30  2008 18 20 23 30 35 38  06
 Aug 02  2008 02 04 06 09 10 48  45
 Aug 06  2008 14 28 33 35 42 47  44
 Aug 09  2008 05 11 13 16 27 34  04
 Aug 13  2008 11 14 33 36 38 43  20
 Aug 16  2008 05 07 09 11 32 44  15
 Aug 20  2008 01 03 06 16 19 35  08
 Aug 23  2008 03 18 24 26 47 49  38
 Aug 27  2008 03 06 11 16 33 40  32
 Aug 30  2008 05 14 17 21 22 42  40
 Sep 03  2008 05 06 09 22 45 49  12
 Sep 06  2008 13 17 23 24 32 38  37
 Sep 10  2008 07 15 19 24 34 47  49
 Sep 13  2008 01 03 10 11 16 27  07
 Sep 17  2008 08 31 37 39 40 46  29
 Sep 20  2008 03 11 16 31 32 39  36
 Sep 24  2008 02 10 25 28 32 39  44
 Sep 27  2008 11 22 25 29 37 46  01
 Oct 01  2008 11 19 33 42 43 48  23
 Oct 04  2008 01 02 10 15 31 40  26
 Oct 08  2008 07 23 27 33 41 49  12
 Oct 11  2008 18 30 35 36 44 49  19
 Oct 15  2008 01 09 21 28 30 38  04
 Oct 18  2008 20 21 25 34 36 41  32
 Oct 22  2008 02 08 13 35 39 40  10
 Oct 25  2008 04 14 19 25 26 36  29
 Oct 29  2008 01 07 15 33 43 48  11
 Nov 01  2008 06 13 32 35 40 47  16
 Nov 05  2008 09 24 29 39 42 48  31
 Nov 08  2008 08 11 13 15 24 42  28
 Nov 12  2008 10 16 22 26 40 42  49
 Nov 15  2008 04 06 18 23 31 46  21
 Nov 19  2008 14 22 26 35 37 39  38
 Nov 22  2008 02 03 10 11 35 41  19
 Nov 26  2008 03 09 16 23 28 40  26
 Nov 29  2008 11 23 28 29 35 48  34
 Dec 03  2008 07 11 22 27 41 47  13
 Dec 06  2008 02 08 19 23 44 49  43
 Dec 10  2008 02 27 33 42 46 47  30
 Dec 13  2008 07 12 14 30 33 38  08
 Dec 17  2008 15 18 19 28 35 44  39
 Dec 20  2008 02 06 17 22 41 45  48
 Dec 24  2008 01 07 13 20 35 40  24
 Dec 27  2008 04 08 16 32 36 43  06
 Dec 31  2008 01 08 11 19 25 29  14
 Jan 03  2009 01 06 10 16 28 40  46
 Jan 07  2009 12 19 24 30 38 42  11
 Jan 10  2009 02 08 12 20 36 48  22
 Jan 14  2009 07 15 17 18 33 34  49
 Jan 17  2009 01 23 29 40 41 43  25  
 Jan 21  2009 01 11 20 27 44 48  41
 Jan 24  2009 03 06 08 09 21 34  39
 Jan 28  2009 03 06 16 18 19 35  28
 Jan 31  2009 01 15 24 38 44 45  07
 Feb 04  2009 01 05 07 18 22 42  39
 Feb 07  2009 05 13 15 18 25 45  08
 Feb 11  2009 13 14 27 28 34 45  18
 Feb 14  2009 04 05 14 19 28 29  41
 Feb 18  2009 02 11 21 25 40 44  24
 Feb 21  2009 01 07 12 16 18 39  45
 Feb 25  2009 13 18 27 29 36 44  32
 Feb 28  2009 03 10 16 20 24 43  37
 Mar 04  2009 09 23 26 32 41 49  48
 Mar 07  2009 08 19 31 40 45 47  34
 Mar 11  2009 10 16 17 25 41 45  12 
 Mar 14  2009 01 07 29 39 41 49  14
 Mar 18  2009 12 27 30 31 33 35  43
 Mar 21  2009 02 07 12 27 34 47  30
 Mar 25  2009 05 08 12 22 30 39  33
 Mar 28  2009 07 09 11 12 30 45  31
 Apr 01  2009 01 09 11 15 35 46  36
 Apr 04  2009 01 12 18 21 39 43  27
 Apr 08  2009 01 12 16 33 47 48  44
 Apr 11  2009 01 07 12 13 17 43  26
 Apr 15  2009 02 04 28 34 43 44  24
 Apr 18  2009 14 19 23 32 35 47  44
 Apr 22  2009 17 30 35 36 43 48  44
 Apr 25  2009 06 13 17 24 29 45  21
 Apr 29  2009 06 09 11 25 36 46  04
 May 02  2009 06 08 23 31 45 48  33
 May 06  2009 01 06 16 30 40 47  36
 May 09  2009 04 10 40 41 45 48  05
 May 13  2009 03 06 13 16 23 26  40
 May 16  2009 09 15 21 26 36 43  25
 MAY 20  2009 02 18 22 30 38 41  48
 MAY 23  2009 02 16 17 32 38 48  30
 MAY 27  2009 01 04 05 08 24 43  09
 MAY 30  2009 08 15 20 21 30 37  46
 JUN 03  2009 09 19 34 37 40 43  48
 JUN 06  2009 05 06 22 34 39 46  20
 JUN 10  2009 10 13 15 22 23 38  02
 JUN 13  2009 10 16 21 29 43 49  24
 JUN 17  2009 07 18 25 26 28 38  15  
 JUN 20  2009 01 03 05 09 31 42  46  
 JUN 24  2009 08 16 29 30 31 33  12  
 JUN 27  2009 01 02 10 11 13 26  48
 JUL 01  2009 07 08 13 34 38 40  14  
 JUL 04  2009 02 12 20 21 45 47  19  
 JUL 08  2009 01 13 28 35 41 49  05  
 JUL 11  2009 01 35 37 44 45 48  42  
 JUL 15  2009 12 14 27 31 48 49  19  
 JUL 18  2009 11 17 18 22 32 45  19  
 JUL 22  2009 01 13 14 30 40 45  15  
 JUL 25  2009 04 09 10 28 38 49  34  
 JUL 29  2009 04 13 27 28 34 36  09  
 Aug 01  2009 07 22 26 27 33 47  35  
 Aug 05  2009 02 24 26 27 35 41  32   
 Aug 08  2009 08 26 27 34 37 40  06  
 Aug 12  2009 11 29 33 42 43 45  13 
 Aug 15  2009 02 10 19 23 28 47  16 
 Aug 19  2009 06 12 18 24 34 43  31  
 Aug 22  2009 05 30 31 32 34 46  35  
 Aug 26  2009 13 17 18 20 21 39  34 
 Aug 29  2009 01 26 31 39 43 47  08 
 SEP 02  2009 06 08 23 30 31 39  44  
 SEP 05  2009 01 07 20 22 33 41  28  
 SEP 09  2009 07 16 25 40 43 49  12  
 SEP 12  2009 15 27 34 44 45 48  39  
 SEP 16  2009 03 04 10 19 25 30  37  
 SEP 19  2009 02 20 24 30 36 41  09  
 SEP 23  2009 13 17 23 30 31 46  41  
 SEP 26  2009 12 13 14 20 24 33  23  
 SEP 30  2009 19 20 28 35 37 49  10 
 Oct 03  2009 16 19 28 30 33 48  12  
 Oct 07  2009 10 13 15 28 32 40  29  
 Oct 10  2009 09 13 15 16 32 45  47  
 Oct 14  2009 11 13 15 23 25 49  40  
 Oct 17  2009 07 18 26 33 38 49  15  
 Oct 21  2009 17 19 31 34 39 47  06  
 Oct 24  2009 09 10 26 28 35 39  38
 Oct 28  2009 04 21 32 33 36 40  35
 Oct 31  2009 03 19 24 31 35 38  34
 Nov 04  2009 05 06 16 17 19 27  28  
 Nov 07  2009 12 26 27 34 40 42  03  
 Nov 11  2009 01 17 25 32 39 44  38  
 Nov 14  2009 11 15 18 26 42 44  41  
 Nov 18  2009 09 11 24 29 42 43  27  
 Nov 21  2009 07 09 24 35 42 45  11  
 Nov 25  2009 12 15 25 27 35 39  43  
 Nov 28  2009 02 09 27 31 39 46  38
 Dec 02  2009 01 03 06 11 19 26  35  
 Dec 05  2009 12 15 26 35 41 44  11  
 Dec 09  2009 07 10 14 20 25 27  24  
 Dec 12  2009 01 08 19 38 41 49  32  
 Dec 16  2009 01 03 04 13 18 42  47  
 Dec 19  2009 01 09 17 30 45 49  28  
 Dec 23  2009 06 16 17 18 38 41  27
 Dec 26  2009 12 23 29 32 45 48  04 
 Dec 30  2009 02 07 21 24 31 37  18 
 Jan 02  2010 04 09 24 31 32 37  45  
 Jan 06  2010 14 27 31 32 41 46  26  
 Jan 09  2010 07 18 19 23 26 38  37  
 Jan 13  2010 11 14 39 40 44 48  30  
 Jan 16  2010 13 14 15 19 23 35  03  
 Jan 20  2010 04 06 08 19 45 48  02  
 Jan 23  2010 06 09 18 24 36 39  42  
 Jan 27  2010 07 09 15 18 37 42  45  
 Jan 30  2010 02 04 10 11 25 26  29
 Feb 03  2010 01 14 17 19 23 34  49  
 Feb 06  2010 08 31 34 37 44 45  17  
 Feb 10  2010 05 06 11 23 26 49  43  
 Feb 13  2010 02 04 09 25 34 37  22  
 Feb 17  2010 03 04 19 36 46 49  26  
 Feb 20  2010 02 10 22 25 48 49  01  
 Feb 24  2010 04 05 35 36 46 47  34  
 Feb 27  2010 09 12 19 20 25 45  48  
 Mar 03  2010 02 14 16 17 37 45  04  
 Mar 06  2010 09 10 13 22 31 46  45 
 Mar 10  2010 03 04 10 17 26 27  23  
 Mar 13  2010 03 10 29 36 39 41  25  
 Mar 17  2010 10 16 24 36 38 43  07 
 Mar 20  2010 18 32 33 42 47 49  43  
 Mar 24  2010 02 03 18 32 36 43  26  
 Mar 27  2010 13 14 22 39 45 46  21  
 Mar 31  2010 03 12 13 30 40 47  14
 Apr 03  2010 27 35 36 43 44 47  48  
 Apr 07  2010 02 19 20 22 41 45  17  
 Apr 10  2010 14 25 30 33 41 47  46  
 Apr 14  2010 23 31 35 45 46 48  29  
 Apr 17  2010 27 29 30 35 36 40  18  
 Apr 21  2010 11 23 26 27 45 49  34  
 Apr 24  2010 23 30 38 39 40 46  13  
 Apr 28  2010 13 24 32 36 39 41  18  
 May 01  2010 16 21 37 43 44 45  01  
 May 05  2010 05 08 22 26 37 40  04  
 May 08  2010 14 22 33 38 46 47  35  
 May 12  2010 03 04 11 19 46 49  28  
 May 15  2010 13 16 31 45 47 49  06  
 May 19  2010 07 14 24 25 42 48  19  
 May 22  2010 02 03 24 34 35 38  42  
 May 26  2010 13 16 28 30 40 45  05  
 May 29  2010 01 07 12 22 27 44  23 
 Jun 02  2010 02 12 15 16 20 24  06  
 Jun 05  2010 03 04 08 20 26 38  49  
 Jun 09  2010 19 27 31 33 40 41  22  
 Jun 12  2010 01 13 16 17 23 46  24  
 Jun 16  2010 19 25 30 38 46 49  32  
 Jun 19  2010 07 14 22 31 41 45  32  
 Jun 23  2010 03 10 19 31 44 45  02  
 Jun 26  2010 01 04 09 15 19 36  31  
 Jun 30  2010 01 11 22 38 40 47  31 
 Jul 03  2010 07 25 31 38 39 49  11  
 Jul 07  2010 02 20 26 30 46 47  36  
 Jul 10  2010 04 17 19 25 38 46  42  
 Jul 14  2010 02 10 14 15 23 28  33  
 Jul 17  2010 10 14 31 34 35 45  30  
 Jul 21  2010 02 24 25 28 33 45  08  
 Jul 24  2010 05 18 32 33 44 47  29 
 Jul 28  2010 03 10 28 35 40 41  05 
 Jul 31  2010 04 09 12 34 38 49  33
 Aug 04  2010 02 09 27 32 33 47  18  
 Aug 07  2010 04 21 28 34 39 41  07  
 Aug 11  2010 04 14 25 30 32 33  15
 Aug 14  2010 13 29 38 43 47 48  03 
 Aug 18  2010 26 27 30 35 38 48  31  
 Aug 21  2010 06 12 15 24 30 37  46  
 Aug 25  2010 01 18 22 23 27 46  45  
 Aug 28  2010 08 10 16 42 43 49  27  
 Sep 01  2010 03 12 14 19 24 48  45  
 Sep 04  2010 11 20 26 32 38 44  42  
 Sep 08  2010 06 23 24 27 30 42  28 
 Sep 11  2010 05 18 19 23 32 48  34  
 Sep 15  2010 12 13 22 42 46 47  30  
 Sep 18  2010 04 27 29 31 38 44  49  
 Sep 22  2010 02 28 32 34 39 40  09  
 Sep 25  2010 07 10 22 23 42 49  17  
 Sep 29  2010 11 13 20 41 45 47  27  
 Oct 02  2010 01 10 18 26 45 47  20  
 Oct 06  2010 08 09 11 29 36 42  38  
 Oct 09  2010 06 08 13 20 39 48  44  
 Oct 13  2010 03 07 13 25 34 40  24  
 Oct 16  2010 16 27 37 38 39 46  48  
 Oct 20  2010 05 10 26 28 33 39  19  
 Oct 23  2010 06 07 14 20 31 39  02  
 Oct 27  2010 05 07 22 38 41 47  43  
 Oct 30  2010 05 21 27 38 40 45  41  
 Nov 03  2010 02 10 17 30 36 45  40  
 Nov 06  2010 02 12 37 39 43 45  24  
 Nov 10  2010 02 05 19 26 39 46  34  
 Nov 13  2010 01 14 19 35 46 49  33  
 Nov 17  2010 07 15 39 42 47 48  16  
 Nov 20  2010 08 30 35 42 43 48  46  
 Nov 24  2010 16 18 21 23 32 38  37  
 Nov 27  2010 12 20 33 38 39 44  42  
 Dec 01  2010 02 18 20 25 37 44  11  
 Dec 04  2010 03 14 32 33 47 49  43  
 Dec 08  2010 07 08 19 33 38 46  27  
 Dec 11  2010 02 24 35 37 40 45  23  
 Dec 15  2010 01 02 09 20 33 35  31  
 Dec 18  2010 07 12 26 32 41 49  42  
 Dec 22  2010 03 21 23 29 40 46  35  
 Dec 25  2010 05 10 11 12 25 44  18  
 Dec 29  2010 07 19 28 31 39 49  37 
 Jan 01  2011 14 20 30 31 35 43  46  
 Jan 05  2011 08 13 15 20 42 47  06  
 Jan 08  2011 01 02 19 20 25 28  44  
 Jan 12  2011 02 11 13 28 40 42  34  
 Jan 15  2011 21 28 31 36 38 47  10  
 Jan 19  2011 07 25 28 30 45 46  43  
 Jan 22  2011 03 04 05 15 24 25  47  
 Jan 26  2011 04 19 21 27 43 45  20  
 Jan 29  2011 05 07 08 23 32 35  22 
 Feb 02  2011 05 16 20 23 45 47  40  
 Feb 05  2011 03 24 25 26 42 47  44  
 Feb 09  2011 01 12 20 24 31 39  27  
 Feb 12  2011 05 13 17 33 40 42  22  
 Feb 16  2011 07 19 21 34 37 44  15  
 Feb 19  2011 06 13 17 28 40 45  01  
 Feb 23  2011 06 15 16 17 19 41  26  
 Feb 26  2011 02 08 24 33 45 48  40  
 Mar 02  2011 06 07 26 29 30 34  17  
 Mar 05  2011 19 23 37 41 46 49  14  
 Mar 09  2011 03 04 09 30 39 41  15  
 Mar 12  2011 01 07 15 24 26 34  48  
 Mar 16  2011 11 27 29 42 48 49  33  
 Mar 19  2011 06 10 17 36 37 39  07  
 Mar 23  2011 05 07 15 27 29 35  30  
 Mar 26  2011 07 11 28 29 31 42  32 
 Mar 30  2011 02 07 19 22 26 39  35  
 Apr 02  2011 24 28 32 34 39 42  01  
 Apr 06  2011 02 15 28 38 42 44  39  
 Apr 09  2011 21 24 32 35 42 44  07  
 Apr 13  2011 17 18 30 34 40 42  10  
 Apr 16  2011 19 20 26 28 30 37  18  
 Apr 20  2011 02 03 31 37 40 42  47  
 Apr 23  2011 17 20 24 28 29 40  26  
 Apr 27  2011 05 09 24 29 38 43  37 
 Apr 30  2011 02 03 05 06 27 34  36 
 May 04  2011 04 05 06 29 47 48  14 
 May 07  2011 01 06 08 11 25 35  46  
 May 11  2011 08 09 10 38 45 47  15  
 May 14  2011 01 05 26 34 39 49  10  
 May 18  2011 08 09 13 39 46 47  34  
 May 21  2011 20 24 33 39 42 46  18  
 May 25  2011 02 06 08 26 27 36  19  
 May 28  2011 15 28 35 40 41 42  32
 Jun 01  2011 01 06 13 17 29 36  12  
 Jun 04  2011 01 10 11 21 38 39  22  
 Jun 08  2011 05 17 29 41 44 49  35  
 Jun 11  2011 04 13 25 31 32 36  16  
 Jun 15  2011 06 11 13 19 33 35  26  
 Jun 18  2011 09 11 23 29 30 34  33  
 Jun 22  2011 08 20 33 36 37 49  27  
 Jun 25  2011 15 27 28 43 45 46  34  
 Jun 29  2011 05 07 11 32 41 46  22 
 Jul 02  2011 01 15 17 19 35 44  13  
 Jul 06  2011 01 10 18 24 25 46  07  
 Jul 09  2011 04 08 18 20 21 42  36  
 Jul 13  2011 02 10 20 22 37 41  44  
 Jul 16  2011 02 09 15 16 27 46  19  
 Jul 20  2011 15 16 27 28 32 36  40  
 Jul 23  2011 03 12 24 41 47 48  46  
 Jul 27  2011 09 11 22 28 41 48  45 
 Jul 30  2011 02 03 09 26 45 46  35
 Aug 03  2011 09 30 38 39 46 49  24  
 Aug 06  2011 02 17 32 35 46 47  20  
 Aug 10  2011 10 11 13 30 33 41  01  
 Aug 13  2011 11 16 17 19 34 39  21  
 Aug 17  2011 11 22 35 38 40 49  42  
 Aug 20  2011 12 16 26 28 31 46  41  
 Aug 24  2011 07 19 33 34 46 49  03  
 Aug 27  2011 07 14 23 27 33 42  36  
 Aug 31  2011 11 16 17 35 36 47  26 
 Sep 03  2011 03 14 21 26 27 41  06  
 Sep 07  2011 05 10 12 13 22 30  34  
 Sep 10  2011 08 28 35 41 45 48  39  
 Sep 14  2011 07 11 12 14 27 29  23  
 Sep 17  2011 11 16 20 21 31 38  18  
 Sep 21  2011 03 07 14 16 40 45  31  
 Sep 24  2011 13 15 40 43 46 48  01  
 Sep 28  2011 02 11 27 30 39 47  26 
 Oct 01  2011 02 24 33 37 42 43  48  
 Oct 05  2011 04 16 21 23 25 48  43 
 Oct 08  2011 07 10 35 39 41 45  42  
 Oct 12  2011 10 16 17 18 41 47  33  
 Oct 15  2011 05 07 13 21 27 41  34  
 Oct 19  2011 06 20 27 34 41 42  26  
 Oct 22  2011 17 18 19 28 36 44  14  
 Oct 26  2011 24 27 32 36 39 47  28  
 Oct 29  2011 15 17 22 27 37 47  46 
 Nov 02  2011 07 10 19 29 36 42  37  
 Nov 05  2011 23 32 33 35 36 47  18  
 Nov 09  2011 01 05 24 32 34 39  29  
 Nov 12  2011 03 04 11 18 28 41  46  
 Nov 16  2011 02 32 36 41 44 48  22  
 Nov 19  2011 08 24 31 35 44 47  27  
 Nov 23  2011 12 18 26 29 35 47  37  
 Nov 26  2011 12 15 18 23 25 32  28  
 Nov 30  2011 12 13 17 25 30 31  20  
 Dec 03  2011 20 29 32 35 39 47  44  
 Dec 07  2011 05 06 18 19 28 40  07  
 Dec 10  2011 17 20 37 42 45 49  27  
 Dec 14  2011 04 07 18 36 40 49  13  
 Dec 17  2011 17 26 31 37 44 47  42  
 Dec 21  2011 01 04 14 23 30 48  05  
 Dec 24  2011 02 14 17 19 32 38  40  
 Dec 28  2011 14 16 27 36 42 46  01  
 Dec 31  2011 03 05 17 21 22 30  36 
 Jan 04  2012 11 23 28 32 44 46  45  
 Jan 07  2012 04 17 31 32 46 49  02  
 Jan 11  2012 04 19 24 26 27 36  11  
 Jan 14  2012 09 15 19 24 32 33  11 
 Jan 18  2012 04 07 08 16 23 31  45  
 Jan 21  2012 08 15 20 22 25 31  35  
 Jan 25  2012 01 06 08 10 17 38  35  
 Jan 28  2012 11 15 23 27 30 35  22  
 Feb 01  2012 01 11 16 30 32 42  21  
 Feb 04  2012 02 21 29 40 42 46  19  
 Feb 08  2012 12 25 27 36 38 39  07  
 Feb 11  2012 23 31 40 41 45 48  47  
 Feb 15  2012 02 05 19 40 42 49  01  
 Feb 18  2012 17 27 29 37 45 48  31  
 Feb 22  2012 04 08 12 20 22 28  16  
 Feb 25  2012 02 08 16 22 26 42  06  
 Feb 29  2012 06 13 15 20 30 45  40 
 Mar 03  2012 04 08 32 33 44 49  47  
 Mar 07  2012 04 12 19 23 30 45  13  
 Mar 10  2012 06 12 24 25 26 41  44  
 Mar 14  2012 03 06 11 31 36 38  04  
 Mar 17  2012 04 18 26 27 34 47  21  
 Mar 21  2012 01 15 30 37 41 47  10  
 Mar 24  2012 04 15 37 38 42 48  10  
 Mar 28  2012 19 25 32 33 36 37  23  
 Mar 31  2012 10 14 19 33 37 40  31 
 Apr 04  2012 02 15 23 24 37 39  14  
 Apr 07  2012 09 10 21 22 41 45  18  
 Apr 11  2012 02 23 29 39 42 47  49  
 Apr 14  2012 02 22 23 27 29 33  44  
 Apr 18  2012 04 05 08 22 24 27  13  
 Apr 21  2012 07 09 11 27 31 35  03  
 Apr 25  2012 02 14 31 33 41 45  11  
 Apr 28  2012 01 12 18 24 32 49  20  
 May 02  2012 03 05 07 16 37 49  08  
 May 05  2012 02 06 10 15 17 27  04  
 May 09  2012 03 13 14 19 34 47  01  
 May 12  2012 05 10 17 28 41 43  21  
 May 16  2012 10 23 27 40 41 49  03  
 May 19  2012 14 16 19 22 23 46  47  
 May 23  2012 04 11 27 31 33 44  05  
 May 26  2012 01 10 11 21 34 38  39  
 May 30  2012 01 04 06 11 16 22  32 
 Jun 02  2012 08 12 29 31 38 44  35  
 Jun 06  2012 02 13 15 21 34 42  40  
 Jun 09  2012 02 06 14 30 31 36  16  
 Jun 13  2012 07 09 32 39 41 46  19 
 Jun 16  2012 13 16 20 38 41 44  23  
 Jun 20  2012 12 17 37 43 44 49  34  
 Jun 23  2012 03 08 21 22 27 41  24  
 Jun 27  2012 28 34 36 44 45 49  14  
 Jun 30  2012 02 03 13 19 27 43  12 
 Jul 04  2012 07 20 34 39 44 45  08  
 Jul 07  2012 02 19 29 34 36 42  14  
 Jul 11  2012 02 08 14 28 37 41  27  
 Jul 14  2012 03 07 11 19 36 37  31  
 Jul 18  2012 02 24 25 26 37 45  36  
 Jul 21  2012 10 13 25 33 37 47  45  
 Jul 25  2012 11 20 28 29 33 39  27 
 Jul 28  2012 03 09 17 28 37 46  18  
 Aug 01  2012 09 14 24 33 36 38  18  
 Aug 04  2012 05 11 12 18 36 48  06  
 Aug 08  2012 06 14 27 41 43 46  12  
 Aug 11  2012 08 31 32 34 39 48  07  
 Aug 15  2012 05 10 32 41 44 49  06  
 Aug 18  2012 07 13 14 20 28 48  21  
 Aug 22  2012 05 12 22 26 31 48  45  
 Aug 25  2012 01 09 10 25 29 39  03  
 Aug 29  2012 01 21 25 26 32 43  47
 Sep 01  2012 01 05 32 33 39 40  34  
 Sep 05  2012 07 09 12 24 26 37  23  
 Sep 08  2012 09 19 23 29 32 43  17  
 Sep 12  2012 05 25 32 36 42 46  23  
 Sep 15  2012 07 08 18 38 44 46  28 
 Sep 19  2012 06 14 21 27 32 33  42 
 Sep 22  2012 03 05 09 13 21 28  02 
 Sep 26  2012 12 26 29 37 44 47  13 
 Sep 29  2012 01 14 22 37 44 47  10 
 Oct 03  2012 06 11 24 25 28 49  30  
 Oct 06  2012 04 05 18 26 32 39  35  
 Oct 10  2012 10 19 24 27 30 32  34  
 Oct 13  2012 01 07 10 16 36 40  44  
 Oct 17  2012 07 09 19 30 46 47  39  
 Oct 20  2012 11 15 25 34 40 49  44  
 Oct 24  2012 03 20 25 29 39 42  27  
 Oct 27  2012 10 11 14 18 23 35  09  
 Oct 31  2012 09 18 25 27 30 43  10
 Nov 03  2012 06 11 14 20 22 25  08  
 Nov 07  2012 04 05 13 21 34 38  32  
 Nov 10  2012 06 11 22 27 29 49  33  
 Nov 14  2012 03 10 20 40 42 48  07  
 Nov 17  2012 13 14 16 30 34 42  11  
 Nov 21  2012 16 24 26 28 34 38  15  
 Nov 24  2012 05 22 30 33 47 48  11  
 Nov 28  2012 07 10 14 23 25 27  15 
 Dec 01  2012 03 13 24 25 27 44  43  
 Dec 05  2012 08 19 24 29 35 41  44  
 Dec 08  2012 04 23 24 35 38 49  46  
 Dec 12  2012 02 15 19 26 38 45  47  
 Dec 15  2012 07 09 14 21 38 42  26  
 Dec 19  2012 03 10 11 14 27 47  23  
 Dec 22  2012 21 30 34 35 37 44  09 
 Dec 26  2012 03 10 11 14 21 42  28  
 Dec 29  2012 01 07 09 27 43 44  22 
 Jan 02  2013 03 04 10 29 43 49  34  
 Jan 05  2013 03 16 20 35 36 44  09  
 Jan 09  2013 11 16 26 30 43 45  25  
 Jan 12  2013 04 15 30 34 47 48  28 
 Jan 16  2013 04 09 16 23 38 47  33  
 Jan 19  2013 09 27 31 34 44 45  40  
 Jan 23  2013 02 09 14 23 31 43  01  
 Jan 26  2013 13 32 36 39 45 48  49  
 Jan 30  2013 01 04 07 10 23 49  33  
 Feb 02  2013 01 03 05 21 27 29  42  
 Feb 06  2013 07 08 10 22 27 32  17  
 Feb 09  2013 06 17 30 32 37 41  13  
 Feb 13  2013 02 29 33 41 42 46  26  
 Feb 16  2013 03 05 34 37 38 47  33  
 Feb 20  2013 03 04 11 25 35 44  24  
 Feb 23  2013 18 19 22 29 44 45  28  
 Feb 27  2013 05 21 33 36 40 41  31 
 Mar 02  2013 01 07 11 14 26 28  23  
 Mar 06  2013 05 20 21 25 27 48  08  
 Mar 09  2013 05 23 25 29 46 48  14  
 Mar 13  2013 05 14 22 24 39 44  48  
 Mar 16  2013 01 09 24 32 35 47  34  
 Mar 20  2013 01 10 14 21 30 40  35  
 Mar 23  2013 01 29 35 41 44 48  24  
 Mar 27  2013 05 07 08 29 30 49  47  
 Mar 30  2013 01 16 17 20 30 45  08 
 Apr 03  2013 06 09 13 21 38 42  11  
 Apr 06  2013 06 12 22 43 47 49  04  
 Apr 10  2013 15 22 27 38 40 43  34  
 Apr 13  2013 08 24 36 39 42 46  30  
 Apr 17  2013 03 09 17 28 35 41  33  
 Apr 20  2013 06 07 14 36 45 48  03  
 Apr 24  2013 02 04 10 15 38 44  43  
 Apr 27  2013 06 08 19 36 39 41  04 
 May 01  2013 32 35 39 44 47 48  43  
 May 04  2013 09 12 17 21 23 46  29  
 May 08  2013 07 15 27 30 31 37  17 
 May 11  2013 07 09 20 21 25 48  33  
 May 15  2013 22 24 25 31 32 34  44  
 May 18  2013 01 05 06 07 32 38  42  
 May 22  2013 01 02 10 11 31 34  36
 May 25  2013 02 06 11 19 23 29  40  
 May 29  2013 08 25 31 35 38 45  10 
 Jun 01  2013 20 25 27 35 36 46  31
 Jun 05  2013 03 05 20 24 28 41  09 
 Jun 08  2013 03 06 15 16 24 39  04 
 Jun 12  2013 01 05 12 30 42 48  44 
 Jun 15  2013 08 12 28 29 40 47  43 
 Jun 19  2013 08 11 22 28 46 48  03 
 Jun 22  2013 03 19 29 33 36 48  06 
 Jun 26  2013 17 29 36 39 44 45  37 
 Jun 29  2013 01 10 15 17 32 37  22 
 Jul 03  2013 16 18 24 29 39 40  28  
 Jul 06  2013 01 21 31 34 37 47  08 
 Jul 10  2013 02 03 14 38 42 43  49 
 Jul 13  2013 12 33 34 35 44 46  18 
 Jul 17  2013 08 17 23 33 36 45  27 
 Jul 20  2013 13 19 22 35 40 45  06 
 Jul 24  2013 05 10 15 21 32 41  11 
 Jul 27  2013 02 07 23 36 40 46  06 
 Jul 31  2013 07 20 24 26 35 44  09 
 Aug 03  2013 04 06 08 21 37 38  31 
 Aug 07  2013 06 08 10 36 41 43  05 
 Aug 10  2013 08 22 23 25 43 45  10 
 Aug 14  2013 03 07 13 21 36 45  39 
 Aug 17  2013 07 12 13 24 44 48  32 
 Aug 21  2013 09 13 15 19 43 48  12 
 Aug 24  2013 03 08 29 36 45 47  19 
 Aug 28  2013 29 33 34 43 47 48  11 
 Aug 31  2013 01 15 20 36 44 45  07 
 Sep 04  2013 03 13 33 34 40 47  49  
 Sep 07  2013 08 24 27 35 36 48  38 
 Sep 11  2013 05 06 24 30 32 43  37 
 Sep 14  2013 10 24 26 28 45 46  21 
 Sep 18  2013 05 06 09 14 40 49  22 
 Sep 21  2013 01 10 12 28 32 35  08 
 Sep 25  2013 17 19 22 32 38 39  03 
 Sep 28  2013 09 12 22 29 31 38  36 
 Oct 02  2013 16 27 40 42 46 49  05 
 Oct 05  2013 10 16 23 30 32 36  31 
 Oct 09  2013 19 34 38 41 45 48  42 
 Oct 12  2013 04 16 26 27 40 42  14 
 Oct 16  2013 04 08 31 41 45 48  02 
 Oct 19  2013 13 18 28 42 45 46  35 
 Oct 23  2013 01 10 18 22 25 45  13 
 Oct 26  2013 07 22 25 29 32 46  21 
 Oct 30  2013 06 09 15 25 40 47  02 
 Nov 02  2013 18 19 22 26 39 43  34 
 Nov 06  2013 03 04 06 18 25 46  31 
 Nov 09  2013 11 17 22 25 39 48  06 
 Nov 13  2013 01 07 09 13 32 41  04 
 Nov 16  2013 05 13 16 28 40 48  34 
 Nov 20  2013 01 18 20 23 42 48  10  
 Nov 23  2013 18 20 24 34 38 49  08 
 Nov 27  2013 11 23 35 42 46 48  10    
 Nov 30  2013 19 21 31 34 40 45  29 
 Dec 04  2013 02 08 18 19 34 45  33 
 Dec 07  2013 04 07 15 23 35 49  10 
 Dec 11  2013 01 02 14 15 18 45  26 
 Dec 14  2013 02 03 14 21 39 47  40 
 Dec 18  2013 01 16 21 26 31 44  12 
 Dec 21  2013 06 19 33 34 44 46  26 
 Dec 25  2013 04 05 07 09 20 48  30 
 Dec 28  2013 20 28 32 37 38 48  03 
 Jan 01  2014 06 07 26 34 39 48  10  
 Jan 04  2014 08 23 31 39 42 45  02  
 Jan 08  2014 06 11 20 24 31 35  18  
 Jan 11  2014 04 05 16 27 30 42  48  
 Jan 15  2014 04 10 13 21 36 39  44  
 Jan 18  2014 15 23 28 31 38 48  36  
 Jan 22  2014 07 23 41 42 46 48  45  
 Jan 25  2014 02 18 26 28 33 45  40  
 Jan 29  2014 06 09 15 23 41 44  21 
 Feb 01  2014 07 09 14 27 29 45  28  
 Feb 05  2014 01 05 07 08 13 49  41  
 Feb 08  2014 11 26 31 36 37 41  07  
 Feb 12  2014 13 14 21 25 27 48  47  
 Feb 15  2014 22 29 36 39 42 46  09  
 Feb 19  2014 04 09 12 16 37 43  31  
 Feb 22  2014 01 17 22 28 36 41  05  
 Feb 26  2014 06 12 13 14 38 45  26 
 Mar 01  2014 09 17 22 24 27 41  03  
 Mar 05  2014 10 30 32 35 42 47  45  
 Mar 08  2014 13 15 19 24 31 41  14  
 Mar 12  2014 09 19 21 24 40 41  01  
 Mar 15  2014 02 04 09 24 26 34  18  
 Mar 19  2014 05 07 13 15 37 43  35  
 Mar 22  2014 08 13 15 27 31 45  02  
 Mar 26  2014 01 13 14 28 43 46  16  
 Mar 29  2014 12 16 28 30 32 48  37
 Apr 02  2014 19 20 29 30 31 42  47
 Apr 05  2014 12 14 26 29 30 42  48
 Apr 09  2014 22 24 28 31 32 38  01
 Apr 12  2014 01 10 20 27 43 47  46
 Apr 16  2014 01 09 13 27 40 42  30
 Apr 19  2014 08 13 14 22 23 36  09
 Apr 23  2014 01 06 08 13 19 30  38
 Apr 26  2014 04 11 21 26 32 37  49
 Apr 30  2014 03 07 08 14 25 40  16
 May 03  2014 04 13 25 32 43 47  06
 May 07  2014 07 09 22 30 37 39  47   
 May 10  2014 02 07 19 22 29 46  10
 May 14  2014 01 03 06 10 12 35  19
 May 17  2014 19 22 23 39 40 49  18
 May 21  2014 05 18 22 23 43 44  26
 May 24  2014 01 06 11 23 31 40  02
 May 28  2014 01 09 18 21 32 49  04
 May 31  2014 13 21 32 37 40 49  29
 Jun 04  2014 01 09 17 20 21 35  11
 Jun 07  2014 01 10 12 29 30 39  40
 Jun 11  2014 02 08 19 28 38 45  24
 Jun 14  2014 02 10 15 30 37 43  40
 Jun 18  2014 07 09 11 16 24 40  12
 Jun 21  2014 01 04 10 19 28 45  33
 Jun 25  2014 07 12 21 25 28 29  42
 Jun 28  2014 13 22 29 35 41 48  38
 Jul 02  2014 04 05 07 09 15 30  01
 Jul 05  2014 01 05 21 24 41 42  19
 Jul 07  2014 18 21 33 34 36 44  10 
 Jul 12  2014 05 10 28 30 34 49  03
 Jul 16  2014 08 13 16 22 30 49  19
 Jul 19  2014 08 16 33 38 44 48  03
 Jul 23  2014 09 10 36 39 42 44  06
 Jul 26  2014 04 18 23 25 26 29  38
 Jul 30  2014 02 11 12 26 38 40  28
 Aug 02  2014 01 03 21 25 35 47  24
 Aug 06  2014 01 06 15 29 34 42  09
 Aug 09  2014 11 13 14 18 21 41  10
 Aug 13  2014 11 29 32 36 38 40  39
 Aug 16  2014 03 04 11 20 26 32  40
 Aug 20  2014 09 11 25 31 35 38  39
 Aug 23  2014 04 09 21 23 25 28  24
 Aug 27  2014 08 18 28 31 39 46  22
 Aug 30  2014 04 05 10 14 31 48  34
 Sep 03  2014 12 23 24 29 30 38  36
 Sep 06  2014 11 12 22 31 34 47  43
 Sep 10  2014 26 27 33 37 39 43  46
 Sep 13  2014 06 07 31 39 40 49  32
 Sep 17  2014 06 10 22 38 44 49  25
 Sep 20  2014 01 23 26 35 43 47  34
 Sep 24  2014 01 02 06 11 25 37  26
 Sep 27  2014 14 18 26 33 36 47  17
 Oct 01  2014 05 07 13 14 23 44  16 
 Oct 04  2014 13 18 21 29 38 44  42 
 Oct 08  2014 09 12 13 25 37 42  28
 Oct 11  2014 01 21 24 25 36 45  30
 Oct 15  2014 12 18 20 24 39 43  47
 Oct 18  2014 05 10 18 21 23 39  47
 Oct 22  2014 05 07 16 21 32 49  17 
 Oct 25  2014 12 23 24 29 32 39  14
 Oct 29  2014 13 14 16 27 36 43  34
 Nov 01  2014 10 12 21 23 32 35  30
 Nov 05  2014 14 33 36 39 43 46  07
 Nov 08  2014 01 06 10 24 29 35  23
 Nov 12  2014 03 14 16 23 43 46  09
 Nov 15  2014 05 08 10 13 25 48  33
 Nov 19  2014 02 07 11 21 44 46  45
 Nov 22  2014 03 16 30 33 39 40  27
 Nov 26  2014 04 05 19 20 30 33  18
 Nov 29  2014 04 14 15 16 28 37  09 
 Dec 03  2014 06 11 14 27 35 48  42
 Dec 06  2014 07 27 31 40 41 49  26
 Dec 10  2014 01 20 22 34 39 49  09
 Dec 13  2014 04 07 32 33 45 49  01
 Dec 17  2014 03 14 18 23 37 43  36
 Dec 20  2014 07 08 09 12 20 40  06
 Dec 24  2014 28 31 38 41 45 47  48
 Dec 24  2014 03 18 25 30 35 44  15
 Dec 31  2014 11 16 31 32 37 42  07
 Jan 03  2015 03 07 10 24 41 44  43
 Jan 07  2015 16 20 28 30 31 35  44
 Jan 10  2015 02 03 28 36 42 44  41
 Jan 14  2015 09 12 15 16 30 35  01
 Jan 17  2015 11 19 26 27 45 47  42
 Jan 21  2015 14 17 21 26 43 46  31
 Jan 24  2015 09 19 21 28 31 38  49
 Jan 28  2015 08 23 26 31 35 38  24
 Jan 31  2015 02 04 11 21 45 46  01
 Feb 04  2015 12 19 20 25 34 36  06
 Feb 07  2015 01 04 21 31 38 43  37
 Feb 11  2015 01 02 18 31 43 46  20 
 Feb 14  2015 08 12 14 33 35 41  21
 Feb 18  2015 03 13 23 24 25 43  17
 Feb 21  2015 13 20 26 34 46 49  21
 Feb 25  2015 13 15 20 26 32 49  24
 Feb 28  2015 02 06 30 41 45 46  13
 Mar 04  2015 01 02 18 21 39 45  11
 Mar 07  2015 03 04 13 29 37 49  09
 Mar 11  2015 07 08 17 22 25 37  15
 Mar 14  2015 09 17 31 34 39 42  22
 Mar 18  2015 17 18 26 36 40 44  37 
 Mar 21  2015 06 08 11 14 26 47  45
 Mar 25  2015 14 19 20 28 37 41  30
 Mar 28  2015 02 21 25 28 29 38  01
 Apr 01  2015 03 06 08 12 31 42  05
 Apr 04  2015 12 24 36 39 41 47  35
 Apr 08  2015 10 22 23 27 31 47  37
 Apr 11  2015 02 06 23 27 30 38  40
 Apr 15  2015 05 18 38 43 46 47  21
 Apr 18  2015 01 20 21 28 39 41  25 
 Apr 22  2015 01 10 13 15 16 42  02
 Apr 25  2015 07 08 22 24 40 47  34
 Apr 29  2015 03 07 13 14 31 32  22
 May 02  2015 12 23 24 32 35 46  09
 May 06  2015 06 13 15 25 39 45  36
 May 09  2015 01 06 20 31 40 41  09 
 May 13  2015 01 09 30 31 48 49  11
 May 16  2015 16 31 37 38 46 49  26
 May 20  2015 05 07 13 19 27 28  31
 May 23  2015 03 17 20 32 44 49  43
 May 27  2015 01 02 12 19 24 38  30
 May 30  2015 09 11 29 39 45 48  20
 Jun 03  2015 01 07 11 13 39 47  19
 Jun 06  2015 05 13 17 18 28 38  44
 Jun 10  2015 03 07 20 21 31 49  11
 Jun 13  2015 05 29 31 32 47 49  01
 Jun 17  2015 15 32 34 37 42 46  17
 Jun 20  2015 05 06 25 27 45 49  13
 Jun 24  2015 27 31 35 36 39 48  33
 Jun 27  2015 33 35 37 38 40 43  46
 Jul 01  2015 13 14 20 24 25 37  39
 Jul 04  2015 02 32 38 43 47 49  39
 Jul 08  2015 04 05 07 18 36 47  03
 Jul 11  2015 10 17 19 43 46 49  14
 Jul 15  2015 06 20 26 37 43 46  40
 Jul 18  2015 09 12 17 36 38 49  15
 Jul 22  2015 08 15 17 21 27 34  28
 Jul 25  2015 03 13 14 15 21 25  22
 Jul 29  2015 01 07 13 19 41 45  08
 Aug 01  2015 05 08 30 31 40 49  22
 Aug 05  2015 02 08 14 17 27 49  33
 Aug 08  2015 06 07 26 47 48 49  16
 Aug 12  2015 21 25 28 45 46 47  36
 Aug 15  2015 21 22 27 38 40 42  49
 Aug 19  2015 11 14 34 41 46 47  44
 Aug 22  2015 11 16 22 28 33 36  43
 Aug 26  2015 09 11 23 39 43 48  49
 Aug 29  2015 03 11 12 14 19 34  28
 Sep 02  2015 10 11 24 28 29 44  27
 Sep 05  2015 04 10 20 23 33 45  46
 Sep 09  2015 02 06 07 10 26 41  37
 Sep 12  2015 09 21 31 36 39 48  04
 Sep 16  2015 06 13 17 18 19 41  37
 Sep 19  2015 03 16 28 33 41 48  42
 Sep 23  2015 03 04 29 32 33 46  02
 Sep 26  2015 07 21 31 32 40 45  13
 Sep 30  2015 06 13 27 32 34 41  28
 Oct 03  2015 14 19 31 40 42 49  39
 Oct 07  2015 03 13 15 16 20 28  11
 Oct 10  2015 30 32 34 41 43 44  18
 Oct 14  2015 01 11 15 28 32 40  25
 Oct 17  2015 01 20 22 39 40 47  41
 Oct 21  2015 10 13 19 23 37 48  01
 Oct 24  2015 10 18 26 29 40 44  25
 Oct 28  2015 02 09 16 43 45 46  20
 Oct 31  2015 10 27 29 31 46 47  26
 Nov 04  2015 02 05 26 27 42 44  25
 Nov 07  2015 02 03 32 37 47 49  14
 Nov 11  2015 02 11 13 31 32 37  39
 Nov 14  2015 07 15 17 18 46 47  33
 Nov 18  2015 14 17 20 27 28 32  45
 Nov 21  2015 10 17 33 36 37 48  27
 Nov 25  2015 10 16 25 26 36 38  12
 Nov 28  2015 18 22 26 35 47 49  27 
 Dec 02  2015 14 18 29 33 42 44  41
 Dec 05  2015 15 20 31 34 38 43  47
 Dec 09  2015 01 12 18 23 34 38  30
 Dec 12  2015 01 09 12 22 27 33  26
 Dec 16  2015 01 04 06 11 33 40  15
 Dec 19  2015 02 16 23 30 38 46  44
 Dec 23  2015 07 09 15 27 42 48  38
 Dec 26  2015 23 26 30 34 43 46  38
 Dec 30  2015 23 26 34 42 44 45  32
 Jan 02  2016 10 14 21 32 37 42  36
 Jan 06  2016 13 14 19 24 35 45  42
 Jan 09  2016 07 11 12 36 37 40  46
 Jan 13  2016 05 08 11 19 36 43  24
 Jan 16  2016 03 10 31 34 38 46  01



 

 
