 Jun 12  1982 03 11 12 14 41 43  13
 Jun 19  1982 08 33 36 37 39 41  09
 Jun 26  1982 01 06 23 24 27 39  34
 Jul 03  1982 03 09 10 13 20 43  34
 Jul 10  1982 05 14 21 31 34 47  45
 Jul 17  1982 08 20 21 25 31 41  33
 Jul 24  1982 18 25 28 33 36 42  07
 Jul 31  1982 07 16 17 31 40 48  26
 Aug 07  1982 05 10 23 27 37 38  33
 Aug 14  1982 04 15 30 37 46 48  03
 Aug 21  1982 07 09 21 33 38 42  45
 Aug 28  1982 11 17 19 20 36 43  09
 Sep 04  1982 07 14 17 20 37 47  34
 Sep 11  1982 25 28 29 30 35 44  03
 Sep 18  1982 08 18 36 39 41 47  31
 Sep 25  1982 09 12 13 14 44 48  18
 Oct 02  1982 04 14 18 40 43 44  05
 Oct 09  1982 13 16 18 34 35 36  26
 Oct 16  1982 11 23 25 28 29 36  27
 Oct 23  1982 07 18 23 25 37 45  39
 Oct 30  1982 11 18 19 31 37 45  41
 Nov 06  1982 08 14 16 18 31 48  45
 Nov 13  1982 04 11 23 24 25 45  41
 Nov 20  1982 03 04 19 33 34 48  39
 Nov 27  1982 05 17 21 28 30 43  36
 Dec 04  1982 06 17 24 36 38 46  29
 Dec 11  1982 04 09 10 11 43 46  03
 Dec 18  1982 07 13 23 32 33 45  36
 Dec 25  1982 11 18 22 28 35 37  42
 Jan 01  1983 25 26 31 35 45 48  12
 Jan 08  1983 11 19 25 31 32 36  44
 Jan 15  1983 08 34 37 39 41 47  18
 Jan 22  1983 05 10 30 35 36 45  13
 Jan 29  1983 08 22 26 27 34 42  14
 Feb 05  1983 03 05 06 33 38 39  08
 Feb 12  1983 10 14 25 31 44 47  17
 Feb 19  1983 11 13 15 16 24 31  09
 Feb 26  1983 11 12 19 25 29 44  48
 Mar 05  1983 02 07 21 22 30 33  03
 Mar 12  1983 11 15 25 38 41 43  37
 Mar 19  1983 02 10 11 31 43 49  29
 Mar 26  1983 21 24 25 32 39 49  40
 Apr 02  1983 04 10 23 38 41 46  43
 Apr 09  1983 20 24 28 35 42 46  27
 Apr 16  1983 01 03 19 31 32 47  37
 Apr 23  1983 03 17 20 30 35 48  26
 Apr 30  1983 18 26 29 35 36 49  25
 May 07  1983 02 13 41 42 44 47  12
 May 14  1983 07 10 11 16 28 40  06
 May 21  1983 06 07 10 32 36 38  46
 May 28  1983 02 29 31 40 45 48  41
 Jun 04  1983 04 14 24 31 33 35  29
 Jun 11  1983 07 19 26 28 45 49  34
 Jun 18  1983 09 19 28 36 45 46  03
 Jun 25  1983 04 11 14 20 26 30  39
 Jul 02  1983 05 09 27 39 40 43  17
 Jul 09  1983 16 19 22 29 44 48  31
 Jul 16  1983 11 14 18 31 35 49  42
 Jul 23  1983 22 23 25 26 35 41  39
 Jul 30  1983 03 06 07 33 34 36  15
 Aug 06  1983 09 11 27 28 37 46  29
 Aug 13  1983 01 02 08 23 46 48  20
 Aug 20  1983 09 12 20 21 37 43  49
 Aug 27  1983 09 16 18 20 26 43  38
 Sep 03  1983 01 06 13 15 22 27  10
 Sep 10  1983 23 30 32 33 35 44  02
 Sep 17  1983 09 21 22 29 48 49  28
 Sep 24  1983 01 06 15 34 42 44  49
 Oct 01  1983 01 15 20 22 24 49  40
 Oct 08  1983 13 23 37 43 48 49  27
 Oct 15  1983 02 03 23 26 27 40  04
 Oct 22  1983 08 14 25 32 34 35  16
 Oct 29  1983 01 05 07 08 11 13  03
 Nov 05  1983 18 20 23 26 33 49  31
 Nov 12  1983 01 02 07 13 22 31  05
 Nov 19  1983 04 14 16 30 33 38  22
 Nov 26  1983 03 12 16 21 33 49  44
 Dec 03  1983 03 05 19 26 32 43  30
 Dec 10  1983 01 14 22 25 40 42  19
 Dec 17  1983 07 09 20 28 35 41  16
 Dec 24  1983 01 02 13 21 42 48  07
 Dec 31  1983 07 22 25 27 30 35  45
 Jan 07  1984 01 07 14 31 41 43  12
 Jan 14  1984 02 12 29 31 44 46  40
 Jan 21  1984 01 05 14 24 25 38  27
 Jan 28  1984 15 24 27 32 34 49  25
 Feb 04  1984 20 26 28 30 45 48  25
 Feb 11  1984 22 29 36 44 46 47  24
 Feb 18  1984 04 12 16 31 44 48  41
 Feb 25  1984 23 27 40 43 44 47  33
 Mar 03  1984 13 26 27 38 46 47  06
 Mar 10  1984 02 17 41 42 44 47  29
 Mar 17  1984 06 26 28 36 37 48  23
 Mar 24  1984 08 27 28 29 43 44  15
 Mar 31  1984 12 19 22 23 29 36  25
 Apr 07  1984 13 27 35 38 44 47  21
 Apr 14  1984 03 12 31 33 45 49  06
 Apr 21  1984 08 13 16 18 19 49  11
 Apr 28  1984 16 24 25 28 32 44  02
 May 05  1984 01 05 06 18 31 35  03
 May 12  1984 06 16 19 20 25 43  40
 May 19  1984 01 04 14 17 21 26  31
 May 26  1984 01 03 40 43 45 46  07
 Jun 02  1984 09 16 31 38 43 45  05
 Jun 09  1984 06 17 29 32 39 40  47
 Jun 16  1984 26 27 37 41 43 45  13
 Jun 23  1984 07 16 28 34 45 47  23
 Jun 30  1984 13 15 27 28 40 48  30
 Jul 07  1984 06 11 20 23 25 35  37
 Jul 14  1984 06 16 26 28 41 49  34
 Jul 21  1984 02 07 34 36 37 40  15
 Jul 28  1984 02 05 29 35 37 38  39
 Aug 04  1984 01 10 18 27 35 38  30
 Aug 11  1984 05 06 10 20 40 43  26
 Aug 18  1984 12 13 15 35 38 39  04
 Aug 25  1984 05 11 12 16 24 28  34
 Sep 01  1984 03 24 27 33 41 44  04
 Sep 08  1984 23 25 29 38 39 43  17
 Sep 15  1984 07 08 10 15 31 37  43
 Sep 22  1984 04 11 12 16 36 43  30
 Sep 29  1984 21 22 29 36 38 41  20
 Oct 06  1984 05 10 26 31 37 44  07
 Oct 13  1984 03 14 24 31 35 46  17
 Oct 20  1984 05 10 11 28 41 44  19
 Oct 27  1984 01 16 25 36 39 42  05
 Nov 03  1984 06 07 17 21 43 49  08
 Nov 10  1984 20 22 27 34 44 48  41
 Nov 17  1984 08 35 44 46 48 49  22
 Nov 24  1984 05 30 34 36 43 49  17
 Dec 01  1984 03 14 18 25 36 45  30
 Dec 08  1984 07 13 24 31 39 40  08
 Dec 15  1984 09 12 16 20 36 39  04
 Dec 22  1984 06 18 21 31 35 48  09
 Dec 29  1984 16 19 27 30 44 45  11
 Jan 05  1985 07 17 18 24 29 48  34
 Jan 12  1985 09 34 38 39 43 44  01
 Jan 19  1985 07 24 35 37 45 47  23
 Jan 26  1985 06 30 33 39 41 49  47
 Feb 02  1985 05 18 22 23 25 26  02
 Feb 09  1985 02 05 21 24 29 46  25
 Feb 16  1985 03 07 15 24 38 41  29
 Feb 23  1985 01 02 07 09 20 43  33
 Mar 02  1985 17 19 27 30 36 43  01
 Mar 09  1985 06 07 08 35 36 43  33
 Mar 16  1985 03 06 18 21 33 34  49
 Mar 23  1985 14 23 31 33 35 47  18
 Mar 30  1985 08 16 20 30 31 48  12
 Apr 06  1985 08 21 27 34 41 46  31
 Apr 13  1985 07 20 24 46 48 49  41
 Apr 20  1985 04 08 14 21 30 49  13
 Apr 27  1985 04 14 27 37 40 44  46
 May 04  1985 01 02 05 07 40 44  35
 May 11  1985 06 15 20 22 26 46  21
 May 18  1985 19 21 32 39 43 45  20
 May 25  1985 09 12 24 30 31 47  39
 Jun 01  1985 13 16 19 24 33 48  17
 Jun 08  1985 09 11 19 27 30 46  12
 Jun 15  1985 04 21 23 27 45 47  14
 Jun 22  1985 01 07 15 20 31 45  22
 Jun 29  1985 02 10 39 46 47 48  35
 Jul 06  1985 05 24 26 36 41 45  35
 Jul 13  1985 04 05 10 22 30 35  18
 Jul 20  1985 07 09 11 16 43 46  34
 Jul 27  1985 03 08 21 24 30 42  19
 Aug 03  1985 02 08 09 18 31 42  32
 Aug 10  1985 07 11 14 18 34 45  44
 Aug 17  1985 04 21 32 38 43 45  41
 Aug 24  1985 06 19 22 27 36 40  03
 Aug 31  1985 03 09 13 15 27 30  42
 Sep 07  1985 30 32 35 40 43 44  23
 Sep 11  1985 04 09 14 15 44 45  32
 Sep 14  1985 11 23 43 46 47 49  01
 Sep 18  1985 08 12 19 33 41 45  24
 Sep 21  1985 03 11 16 20 21 24  44
 Sep 25  1985 05 09 12 33 45 47  32
 Sep 28  1985 07 09 21 28 29 35  10
 Oct 02  1985 01 26 33 34 38 46  31
 Oct 05  1985 04 06 22 27 31 33  45
 Oct 09  1985 07 08 11 19 25 39  03
 Oct 12  1985 03 06 13 18 31 40  10
 Oct 16  1985 01 03 08 18 35 47  30
 Oct 19  1985 22 27 30 39 41 44  38
 Oct 23  1985 01 06 11 27 33 41  09
 Oct 26  1985 16 26 32 35 43 46  40
 Oct 30  1985 19 24 32 36 38 41  47
 Nov 02  1985 11 19 25 26 36 45  06
 Nov 06  1985 16 20 26 34 38 47  27
 Nov 09  1985 09 11 13 29 36 45  12
 Nov 13  1985 05 09 23 28 40 46  49
 Nov 16  1985 04 13 18 23 24 40  45
 Nov 20  1985 31 32 36 38 39 44  20
 Nov 23  1985 02 07 12 27 29 44  21
 Nov 27  1985 19 24 26 34 41 43  27
 Nov 30  1985 04 17 19 25 32 39  02
 Dec 04  1985 04 05 20 29 31 47  01
 Dec 07  1985 04 26 29 34 39 40  18
 Dec 11  1985 09 19 20 32 33 37  39
 Dec 14  1985 09 10 17 21 38 48  30
 Dec 18  1985 01 07 19 36 42 49  45
 Dec 21  1985 06 09 14 26 36 46  42
 Dec 25  1985 01 07 11 14 19 38  32
 Dec 28  1985 17 21 22 25 39 47  44
 Jan 01  1986 03 06 18 31 38 49  42
 Jan 04  1986 06 20 23 29 32 37  18
 Jan 08  1986 09 10 12 18 32 48  31
 Jan 11  1986 04 12 21 40 42 45  02
 Jan 15  1986 01 10 13 19 25 33  45
 Jan 18  1986 11 17 23 26 30 34  04
 Jan 22  1986 02 19 26 27 44 47  08
 Jan 25  1986 24 26 29 40 44 46  16
 Jan 29  1986 03 09 11 37 45 46  06
 Feb 01  1986 04 05 09 19 29 31  45
 Feb 05  1986 06 26 29 31 32 41  36
 Feb 08  1986 02 05 07 36 38 42  32
 Feb 12  1986 01 12 15 19 22 30  36
 Feb 15  1986 20 22 30 43 46 48  44
 Feb 19  1986 05 17 23 35 45 48  39
 Feb 22  1986 09 16 19 25 34 36  23
 Feb 26  1986 11 15 26 33 40 49  38
 Mar 01  1986 07 12 13 14 35 43  20
 Mar 05  1986 01 07 17 28 41 45  39
 Mar 08  1986 07 24 28 31 37 43  41
 Mar 12  1986 09 10 20 22 41 42  23
 Mar 15  1986 08 09 34 41 44 47  21
 Mar 19  1986 19 25 34 40 42 46  18
 Mar 22  1986 05 08 17 20 21 42  44
 Mar 26  1986 02 04 25 28 38 46  09
 Mar 29  1986 15 22 28 29 42 46  36
 Apr 02  1986 05 10 17 21 31 36  40
 Apr 05  1986 18 29 32 34 35 46  02
 Apr 09  1986 05 19 22 30 39 45  48
 Apr 12  1986 17 18 23 32 36 39  10
 Apr 16  1986 09 28 29 32 41 49  33
 Apr 19  1986 07 17 26 28 42 48  43
 Apr 23  1986 04 05 07 25 38 42  43
 Apr 26  1986 08 10 24 27 35 43  22
 Apr 30  1986 02 09 13 18 20 29  42
 May 03  1986 12 18 30 38 39 47  06
 May 07  1986 09 16 22 40 42 47  15
 May 10  1986 04 10 17 26 39 47  19
 May 14  1986 08 16 19 26 33 45  10
 May 17  1986 01 25 34 41 44 49  37
 May 21  1986 20 25 36 39 43 45  26
 May 24  1986 02 21 26 28 41 49  05
 May 28  1986 03 18 21 31 34 37  48
 May 31  1986 08 16 17 37 40 41  19
 Jun 04  1986 03 04 05 14 17 31  37
 Jun 07  1986 03 16 21 41 45 46  49
 Jun 11  1986 05 14 24 27 36 43  26
 Jun 14  1986 03 21 29 37 40 47  30
 Jun 18  1986 02 14 18 28 32 43  31
 Jun 21  1986 01 08 10 34 42 45  14
 Jun 25  1986 01 05 15 33 35 47  24
 Jun 28  1986 01 04 20 33 34 37  38
 Jul 02  1986 05 16 18 31 46 49  42
 Jul 05  1986 07 10 12 32 44 48  21
 Jul 09  1986 16 24 25 36 44 45  18
 Jul 12  1986 07 17 20 30 33 43  39
 Jul 16  1986 07 17 29 31 38 47  27
 Jul 19  1986 07 25 28 32 37 43  16
 Jul 23  1986 03 13 17 24 32 35  47
 Jul 26  1986 03 14 29 34 46 49  48
 Jul 30  1986 03 26 39 44 48 49  13
 Aug 02  1986 08 14 21 24 38 47  23
 Aug 06  1986 01 05 07 10 23 40  47
 Aug 09  1986 05 08 14 21 33 34  10
 Aug 13  1986 04 05 34 35 40 43  15
 Aug 16  1986 14 25 35 40 41 43  12
 Aug 20  1986 06 07 09 21 38 43  45
 Aug 23  1986 01 04 19 31 45 47  36
 Aug 27  1986 07 11 18 33 38 40  32
 Aug 30  1986 04 11 25 32 45 46  10
 Sep 03  1986 20 27 41 44 47 49  34
 Sep 06  1986 08 09 19 35 39 48  20
 Sep 10  1986 03 13 18 22 42 43  46
 Sep 13  1986 10 14 16 43 44 49  29
 Sep 17  1986 09 21 30 32 39 41  27
 Sep 20  1986 08 09 11 15 19 25  10
 Sep 24  1986 02 12 38 40 42 48  45
 Sep 27  1986 04 05 11 19 34 38  27
 Oct 01  1986 02 17 24 30 34 39  18
 Oct 04  1986 08 14 16 24 26 38  21
 Oct 08  1986 03 17 20 22 24 49  25
 Oct 11  1986 07 12 26 33 37 48  21
 Oct 15  1986 10 21 24 25 39 49  23
 Oct 18  1986 08 29 32 39 43 45  49
 Oct 22  1986 03 16 34 36 45 48  13
 Oct 25  1986 01 03 16 41 42 46  31
 Oct 29  1986 13 17 21 22 24 46  27
 Nov 01  1986 19 22 24 36 38 41  33
 Nov 05  1986 23 25 26 27 38 46  04
 Nov 08  1986 02 03 06 11 31 42  01
 Nov 12  1986 01 17 26 33 36 43  30
 Nov 15  1986 04 23 24 34 39 47  45
 Nov 19  1986 02 07 08 22 34 47  03
 Nov 22  1986 05 13 18 32 34 39  21
 Nov 26  1986 14 20 22 26 35 44  40
 Nov 29  1986 02 04 06 21 27 42  17
 Dec 03  1986 04 15 25 31 33 47  26
 Dec 06  1986 06 08 24 37 45 48  11
 Dec 10  1986 14 23 25 30 33 35  17
 Dec 13  1986 03 06 07 14 27 43  33
 Dec 17  1986 16 21 25 35 37 40  44
 Dec 20  1986 07 14 16 34 46 48  49
 Dec 24  1986 01 10 19 24 37 41  48
 Dec 27  1986 03 15 16 20 26 34  32
 Dec 31  1986 08 11 16 20 27 44  36
 Jan 03  1987 03 11 16 23 47 49  25
 Jan 07  1987 01 03 29 35 37 47  45
 Jan 10  1987 07 09 17 18 26 35  46
 Jan 14  1987 04 21 23 33 34 36  31
 Jan 17  1987 07 15 16 18 31 44  46
 Jan 21  1987 02 11 19 34 42 44  49
 Jan 24  1987 12 16 20 27 41 42  37
 Jan 28  1987 15 18 27 44 46 47  33
 Jan 31  1987 06 12 15 24 36 49  48
 Feb 04  1987 02 15 21 42 47 49  41
 Feb 07  1987 14 15 16 31 32 39  05
 Feb 11  1987 11 12 29 33 43 46  22
 Feb 14  1987 12 15 16 25 29 37  13
 Feb 18  1987 02 10 20 26 35 48  16
 Feb 21  1987 09 16 21 27 40 44  11
 Feb 25  1987 02 05 24 25 36 46  23
 Feb 28  1987 02 11 16 23 29 45  37
 Mar 04  1987 06 17 24 26 31 32  37
 Mar 07  1987 11 16 22 25 34 37  05
 Mar 11  1987 01 21 24 27 30 37  39
 Mar 14  1987 02 04 12 30 35 46  34
 Mar 18  1987 02 18 22 30 31 33  12
 Mar 21  1987 01 15 22 38 42 45  18
 Mar 25  1987 03 05 06 11 20 44  48
 Mar 28  1987 13 16 40 41 47 48  05
 Apr 01  1987 04 28 38 39 43 45  44
 Apr 04  1987 02 08 29 32 40 47  05
 Apr 08  1987 14 16 18 29 31 35  33
 Apr 11  1987 18 25 27 28 40 46  11
 Apr 15  1987 15 26 29 34 46 47  37
 Apr 18  1987 09 10 11 21 28 37  33
 Apr 22  1987 27 31 33 34 39 46  44
 Apr 25  1987 01 27 29 34 42 48  33
 Apr 29  1987 05 07 10 20 37 38  27
 May 02  1987 09 11 15 21 32 42  35
 May 06  1987 05 16 19 25 46 48  38
 May 09  1987 03 09 32 38 40 47  49
 May 13  1987 01 05 21 36 44 45  22
 May 16  1987 01 09 16 17 38 42  30
 May 20  1987 06 08 10 18 22 45  01
 May 23  1987 01 27 34 40 41 44  35
 May 27  1987 16 18 21 23 34 38  32
 May 30  1987 03 12 18 22 31 36  37
 Jun 03  1987 04 07 11 35 40 41  10
 Jun 06  1987 04 10 19 32 39 41  36
 Jun 10  1987 06 08 15 17 20 23  45
 Jun 13  1987 08 16 29 32 40 46  28
 Jun 17  1987 10 17 24 34 37 41  33
 Jun 20  1987 05 20 22 25 36 48  09
 Jun 24  1987 03 15 40 41 43 47  38
 Jun 27  1987 01 15 31 32 37 42  38
 Jul 01  1987 03 12 15 18 21 33  05
 Jul 04  1987 04 19 26 32 44 46  36
 Jul 08  1987 05 13 14 18 37 40  16
 Jul 11  1987 10 24 28 33 38 46  43
 Jul 15  1987 04 17 29 38 39 45  31
 Jul 18  1987 03 08 40 46 47 48  43
 Jul 22  1987 01 08 26 32 43 49  35
 Jul 25  1987 02 11 22 23 32 40  47
 Jul 29  1987 10 26 31 36 39 46  02
 Aug 01  1987 01 04 20 28 44 47  21
 Aug 05  1987 17 29 32 41 42 43  37
 Aug 08  1987 14 18 26 39 41 49  38
 Aug 12  1987 01 04 13 16 30 31  36
 Aug 15  1987 10 14 21 31 34 49  44
 Aug 19  1987 04 17 19 30 41 44  38
 Aug 22  1987 19 23 27 28 35 49  12
 Aug 26  1987 03 08 28 32 36 48  29
 Aug 29  1987 01 15 16 26 29 37  09
 Sep 02  1987 11 13 17 20 45 49  22
 Sep 05  1987 08 11 15 31 32 33  35
 Sep 09  1987 15 23 35 38 46 47  13
 Sep 12  1987 04 22 23 28 29 36  38
 Sep 16  1987 03 04 06 15 35 40  45
 Sep 19  1987 03 07 21 24 29 48  28
 Sep 23  1987 04 08 10 16 22 41  07
 Sep 26  1987 21 22 28 36 41 49  23
 Sep 30  1987 04 09 10 11 28 30  32
 Oct 03  1987 14 18 23 25 28 30  36
 Oct 07  1987 03 04 06 13 14 48  40
 Oct 10  1987 08 09 17 28 33 36  10
 Oct 14  1987 16 20 25 32 33 42  31
 Oct 17  1987 04 14 15 23 40 49  02
 Oct 21  1987 01 03 05 14 27 44  10
 Oct 24  1987 03 24 25 38 39 44  36
 Oct 28  1987 07 18 27 30 39 40  32
 Oct 31  1987 09 16 17 24 35 41  10
 Nov 04  1987 03 04 07 08 16 34  26
 Nov 07  1987 06 16 26 30 32 43  19
 Nov 11  1987 10 17 18 37 39 43  02
 Nov 14  1987 01 13 19 32 33 38  47
 Nov 18  1987 18 36 40 43 45 49  33
 Nov 21  1987 01 07 11 12 29 39  16
 Nov 25  1987 13 26 33 45 46 49  10
 Nov 28  1987 04 08 09 24 43 47  17
 Dec 02  1987 15 22 30 35 37 49  26
 Dec 05  1987 01 05 25 30 31 48  23
 Dec 09  1987 20 29 33 39 41 48  07
 Dec 12  1987 02 09 11 31 37 40  41
 Dec 16  1987 12 25 37 41 42 48  01
 Dec 19  1987 12 13 18 22 32 33  19
 Dec 23  1987 16 29 30 39 43 44  31
 Dec 26  1987 01 17 26 37 39 49  46
 Dec 30  1987 01 13 17 18 45 48  49
 Jan 02  1988 17 20 31 38 39 49  34
 Jan 06  1988 08 13 22 23 26 47  42
 Jan 09  1988 16 17 23 28 32 45  34
 Jan 13  1988 07 19 29 38 43 45  37
 Jan 16  1988 08 27 29 36 37 39  47
 Jan 20  1988 03 08 12 23 30 43  31
 Jan 23  1988 03 12 19 35 47 49  22
 Jan 27  1988 02 04 23 36 44 49  22
 Jan 30  1988 05 18 21 25 44 47  10
 Feb 03  1988 05 29 30 33 41 49  01
 Feb 06  1988 04 07 08 12 42 43  49
 Feb 10  1988 08 18 33 37 40 42  44
 Feb 13  1988 10 11 12 24 25 36  09
 Feb 17  1988 05 14 23 27 36 37  28
 Feb 20  1988 10 18 27 28 42 48  17
 Feb 24  1988 07 10 15 20 27 29  30
 Feb 27  1988 03 04 16 18 25 43  47
 Mar 02  1988 08 10 26 34 42 44  33
 Mar 05  1988 11 13 14 24 40 48  45
 Mar 09  1988 04 10 18 19 37 40  41
 Mar 12  1988 01 26 36 42 44 46  20
 Mar 16  1988 01 16 19 35 39 40  11
 Mar 19  1988 10 28 31 34 39 47  49
 Mar 23  1988 03 08 29 31 43 48  11
 Mar 26  1988 27 30 31 33 38 42  28
 Mar 30  1988 09 12 19 35 36 44  48
 Apr 02  1988 06 10 21 30 36 49  40
 Apr 06  1988 10 19 24 31 39 47  32
 Apr 09  1988 06 12 18 24 32 35  22
 Apr 13  1988 09 17 19 28 40 46  15
 Apr 16  1988 18 21 30 39 40 49  15
 Apr 20  1988 01 02 07 11 34 43  05
 Apr 23  1988 05 14 18 24 42 49  06
 Apr 27  1988 17 33 38 39 46 49  01
 Apr 30  1988 01 12 20 23 31 49  11
 May 04  1988 02 05 09 23 38 43  03
 May 07  1988 01 14 27 37 39 42  30
 May 11  1988 12 14 17 21 23 29  03
 May 14  1988 02 06 20 34 39 44  37
 May 18  1988 04 05 06 13 24 31  44
 May 21  1988 03 07 15 19 31 34  43
 May 25  1988 02 13 28 40 41 43  36
 May 28  1988 02 05 28 31 42 45  09
 Jun 01  1988 02 20 24 34 43 49  41
 Jun 04  1988 15 19 28 32 35 42  45
 Jun 08  1988 02 06 22 27 34 37  12
 Jun 11  1988 03 08 16 22 27 44  23
 Jun 15  1988 05 09 15 21 27 47  04
 Jun 18  1988 03 05 14 30 35 40  32
 Jun 22  1988 02 18 24 25 27 30  46
 Jun 25  1988 08 22 28 31 32 38  39
 Jun 29  1988 06 10 26 39 41 47  08
 Jul 02  1988 26 32 33 35 38 44  12
 Jul 06  1988 06 13 19 22 25 27  16
 Jul 09  1988 08 10 25 31 43 47  41
 Jul 13  1988 08 09 15 22 25 31  07
 Jul 16  1988 01 08 13 28 31 44  39
 Jul 20  1988 09 13 19 23 34 40  01
 Jul 23  1988 12 14 20 33 38 43  18
 Jul 27  1988 01 04 31 33 36 39  32
 Jul 30  1988 02 07 10 14 23 42  17
 Aug 03  1988 01 03 20 22 30 44  33
 Aug 06  1988 05 28 29 32 43 45  20
 Aug 10  1988 07 15 17 29 40 47  36
 Aug 13  1988 11 24 35 45 46 48  40
 Aug 17  1988 05 32 34 40 45 47  15
 Aug 20  1988 06 19 33 35 43 44  34
 Aug 24  1988 05 08 16 32 34 43  06
 Aug 27  1988 17 20 23 27 36 47  37
 Aug 31  1988 06 31 34 37 39 48  15
 Sep 03  1988 06 20 22 27 32 41  37
 Sep 07  1988 02 05 13 23 35 45  48
 Sep 10  1988 04 16 17 18 22 44  41
 Sep 14  1988 10 27 30 33 36 48  09
 Sep 17  1988 02 04 15 24 28 41  34
 Sep 21  1988 08 09 10 18 30 39  22
 Sep 24  1988 03 07 18 21 41 44  32
 Sep 28  1988 02 04 06 11 42 44  26
 Oct 01  1988 06 20 35 42 47 49  38
 Oct 05  1988 03 12 14 29 31 33  23
 Oct 08  1988 07 23 27 29 44 49  18
 Oct 12  1988 01 07 09 21 46 47  36
 Oct 15  1988 02 13 27 29 35 38  44
 Oct 19  1988 08 12 16 20 21 44  49
 Oct 22  1988 02 03 08 24 32 48  28
 Oct 26  1988 13 16 17 19 35 45  03
 Oct 29  1988 01 24 32 36 48 49  47
 Nov 02  1988 03 07 23 28 31 49  09
 Nov 05  1988 16 31 40 42 45 49  21
 Nov 09  1988 04 06 15 32 34 35  08
 Nov 12  1988 13 15 24 28 41 46  21
 Nov 16  1988 01 18 19 31 45 49  41
 Nov 19  1988 04 05 24 25 36 39  47
 Nov 23  1988 22 33 38 39 44 49  43
 Nov 26  1988 02 18 23 35 37 42  01
 Nov 30  1988 04 20 33 47 48 49  45
 Dec 03  1988 01 14 15 30 37 49  19
 Dec 07  1988 04 17 22 28 30 47  46
 Dec 10  1988 08 16 22 31 32 39  43
 Dec 14  1988 06 23 24 26 33 36  41
 Dec 17  1988 04 15 19 20 36 48  16
 Dec 21  1988 03 10 20 30 44 49  43
 Dec 24  1988 23 31 34 45 47 48  07
 Dec 28  1988 01 08 17 20 32 44  16
 Dec 31  1988 03 25 28 29 35 47  16
 Jan 05  1989 01 13 14 45 46 48  27
 Jan 08  1989 04 14 28 32 33 44  12
 Jan 12  1989 11 17 20 31 33 35  22
 Jan 15  1989 14 21 34 40 44 47  15
 Jan 19  1989 06 09 14 16 19 28  26
 Jan 22  1989 10 25 29 31 39 49  43
 Jan 26  1989 07 09 11 24 31 49  01
 Jan 29  1989 03 07 19 23 26 35  39
 Feb 02  1989 01 04 11 16 23 33  41
 Feb 05  1989 06 19 22 28 32 38  34
 Feb 09  1989 08 10 11 27 31 43  26
 Feb 12  1989 06 09 11 17 20 27  43
 Feb 16  1989 01 30 36 37 38 40  02
 Feb 19  1989 02 18 31 33 35 37  41
 Feb 23  1989 02 06 14 28 44 47  15
 Feb 25  1989 04 11 27 31 36 49  21
 Mar 02  1989 11 18 23 33 47 49  46
 Mar 05  1989 08 15 22 36 41 42  09
 Mar 09  1989 13 21 30 37 43 46  40
 Mar 12  1989 01 08 14 19 27 31  30
 Mar 16  1989 07 10 15 18 19 23  36
 Mar 19  1989 06 17 30 34 41 48  47
 Mar 22  1989 06 08 15 32 44 49  03
 Mar 26  1989 09 17 18 32 34 42  33
 Mar 30  1989 01 09 25 34 35 42  48
 Apr 02  1989 02 10 37 40 42 44  30
 Apr 06  1989 18 25 29 32 34 44  03
 Apr 09  1989 05 13 19 27 41 45  29
 Apr 13  1989 10 28 30 37 40 44  21
 Apr 16  1989 05 07 26 28 32 37  12
 Apr 20  1989 06 08 10 37 42 46  41
 Apr 23  1989 03 17 18 28 34 49  12
 Apr 27  1989 04 16 19 23 34 41  11
 Apr 30  1989 02 20 23 25 27 46  18
 May 04  1989 07 09 13 26 28 34  14
 May 07  1989 04 09 23 25 30 35  46
 May 11  1989 18 19 22 36 41 42  13
 May 14  1989 10 18 24 32 44 47  38
 May 18  1989 12 22 25 32 38 40  31
 May 21  1989 06 14 17 19 28 30  29
 May 24  1989 04 13 16 32 35 40  25
 May 28  1989 01 18 20 26 31 39  35
 Jun 01  1989 01 12 34 42 44 45  49
 Jun 04  1989 02 10 16 27 38 47  29
 Jun 08  1989 14 26 29 33 35 37  08
 Jun 11  1989 10 12 17 33 36 40  02
 Jun 15  1989 06 13 24 30 32 33  35
 Jun 18  1989 18 23 24 25 31 32  03
 Jun 22  1989 01 05 21 29 37 42  19
 Jun 25  1989 06 10 18 26 27 41  04
 Jun 29  1989 02 04 13 16 17 40  41
 Jul 02  1989 03 05 15 16 17 31  02
 Jul 06  1989 01 02 07 14 41 49  21
 Jul 09  1989 10 13 18 28 31 42  35
 Jul 13  1989 01 08 15 25 31 41  47
 Jul 16  1989 12 13 19 20 39 42  47
 Jul 20  1989 14 20 25 33 35 48  27
 Jul 23  1989 09 15 21 34 45 46  05
 Jul 27  1989 01 05 06 09 22 44  46
 Jul 30  1989 08 12 34 38 43 46  36
 Aug 03  1989 05 13 19 26 37 38  42
 Aug 06  1989 03 14 21 28 30 45  48
 Aug 10  1989 13 22 24 34 37 44  47
 Aug 13  1989 03 04 13 21 22 46  07
 Aug 17  1989 09 12 13 32 34 35  47
 Aug 20  1989 06 07 18 27 32 39  34
 Aug 24  1989 05 09 15 17 29 35  07
 Aug 27  1989 04 12 14 32 44 45  33
 Aug 31  1989 11 20 25 30 34 38  48
 Sep 03  1989 01 14 27 42 46 49  08
 Sep 07  1989 13 15 18 37 42 49  33
 Sep 09  1989 18 22 39 40 43 47  48
 Sep 14  1989 03 07 15 17 41 43  33
 Sep 17  1989 04 06 11 17 27 44  41
 Sep 21  1989 01 13 21 31 36 48  26
 Sep 24  1989 03 06 07 19 27 32  20
 Sep 28  1989 01 16 20 21 25 33  45
 Oct 01  1989 05 20 26 39 45 46  43
 Oct 05  1989 07 09 10 40 44 48  29
 Oct 08  1989 02 07 12 15 18 48  42
 Oct 12  1989 01 04 26 27 35 45  29
 Oct 15  1989 01 17 20 37 42 44  38
 Oct 19  1989 01 24 28 40 46 49  39
 Oct 22  1989 20 26 29 33 40 45  38
 Oct 26  1989 04 21 24 32 34 47  25
 Oct 29  1989 01 14 28 36 47 49  43
 Nov 02  1989 14 16 20 22 34 42  39
 Nov 05  1989 04 17 26 33 43 49  25
 Nov 09  1989 09 17 28 36 44 46  02
 Nov 12  1989 09 16 18 25 37 47  35
 Nov 16  1989 02 20 27 29 41 43  16
 Nov 19  1989 17 20 34 39 41 49  24
 Nov 23  1989 06 07 18 21 24 32  31
 Nov 26  1989 05 07 19 24 37 41  39
 Nov 30  1989 02 14 37 42 44 48  46
 Dec 03  1989 05 08 25 42 43 45  26
 Dec 07  1989 20 24 32 36 41 43  30
 Dec 10  1989 10 16 31 42 47 49  48
 Dec 14  1989 02 09 22 25 47 49  38
 Dec 17  1989 01 07 15 18 27 40  13
 Dec 21  1989 04 11 17 20 25 49  40
 Dec 24  1989 03 05 10 36 42 45  28
 Dec 28  1989 07 26 28 34 38 47  18
 Dec 31  1989 11 12 26 27 29 34  18
 Jan 04  1990 02 14 40 41 43 46  16
 Jan 07  1990 05 06 21 22 31 33  46
 Jan 11  1990 02 05 33 35 47 49  44
 Jan 14  1990 12 18 22 33 35 44  02
 Jan 18  1990 03 22 27 46 48 49  19
 Jan 21  1990 15 24 36 41 42 46  08
 Jan 25  1990 19 21 24 29 46 48  27
 Jan 28  1990 01 05 06 10 33 49  36
 Feb 01  1990 01 10 11 15 22 29  42
 Feb 04  1990 07 08 11 16 41 47  44
 Feb 08  1990 11 12 28 30 39 48  16
 Feb 11  1990 15 21 24 27 42 47  36
 Feb 15  1990 11 14 25 28 44 47  30
 Feb 18  1990 17 18 21 22 23 45  07
 Feb 22  1990 13 16 21 26 35 46  18
 Feb 25  1990 01 23 26 37 43 49  02
 Feb 28  1990 10 16 32 35 36 42  15
 Mar 03  1990 03 13 28 31 40 44  41
 Mar 07  1990 01 03 14 33 37 49  16
 Mar 11  1990 04 09 22 27 42 45  34
 Mar 15  1990 02 11 30 34 38 44  49
 Mar 18  1990 11 17 28 35 38 40  46
 Mar 22  1990 07 17 34 38 45 46  30
 Mar 25  1990 05 31 33 34 36 38  25
 Mar 29  1990 02 19 20 26 32 37  45
 Apr 01  1990 06 23 25 31 39 41  12
 Apr 05  1990 07 10 31 37 46 49  24
 Apr 08  1990 13 25 38 40 42 47  11
 Apr 12  1990 06 13 31 35 38 40  15
 Apr 15  1990 11 24 39 41 43 45  20
 Apr 19  1990 09 22 24 27 36 46  07
 Apr 22  1990 01 04 08 27 34 40  42
 Apr 26  1990 27 29 30 33 44 45  25
 Apr 29  1990 12 20 22 28 36 43  32
 May 03  1990 02 05 11 27 31 43  30
 May 06  1990 02 03 07 22 38 48  21
 May 10  1990 07 15 16 26 29 47  42
 May 13  1990 05 19 21 34 43 49  32
 May 17  1990 03 22 23 31 33 47  28
 May 20  1990 05 07 20 26 31 36  14
 May 24  1990 03 04 13 25 29 41  33
 May 27  1990 04 08 09 39 40 46  11
 May 31  1990 07 11 17 28 38 42  32
 Jun 03  1990 01 03 30 36 42 43  23
 Jun 07  1990 02 09 16 22 34 40  14
 Jun 09  1990 08 13 25 30 38 39  24
 Jun 14  1990 07 10 37 45 46 47  13
 Jun 17  1990 12 24 35 42 45 47  21
 Jun 21  1990 13 14 19 20 29 47  33
 Jun 24  1990 22 27 32 37 42 47  31
 Jun 28  1990 05 07 12 17 26 47  10
 Jun 30  1990 09 17 21 28 29 30  01
 Jul 05  1990 02 08 11 25 45 47  24
 Jul 08  1990 11 14 15 25 38 42  45
 Jul 12  1990 13 15 16 24 38 40  27
 Jul 15  1990 05 17 27 31 33 48  38
 Jul 19  1990 10 12 18 39 43 49  40
 Jul 22  1990 09 27 28 36 37 46  12
 Jul 25  1990 02 16 28 39 41 46  25
 Jul 29  1990 10 16 26 34 37 43  05
 Aug 02  1990 02 08 13 23 27 44  21
 Aug 05  1990 13 22 26 40 46 49  04
 Aug 09  1990 11 23 29 30 44 49  41
 Aug 12  1990 01 06 21 27 43 49  46
 Aug 16  1990 17 19 20 31 40 44  21
 Aug 19  1990 13 19 41 44 46 48  12
 Aug 23  1990 02 07 12 17 19 23  39
 Aug 26  1990 14 20 25 43 44 46  33
 Aug 30  1990 01 10 16 25 43 48  37
 Sep 02  1990 04 10 17 20 24 39  49
 Sep 06  1990 07 12 37 38 40 46  18
 Sep 09  1990 17 18 21 37 38 39  36
 Sep 13  1990 14 23 29 35 39 47  44
 Sep 16  1990 09 22 30 39 42 45  41
 Sep 20  1990 07 08 10 20 31 49  27
 Sep 23  1990 08 09 17 22 43 45  16
 Sep 27  1990 04 05 07 18 33 42  39
 Sep 30  1990 06 09 12 33 34 48  03
 Oct 04  1990 17 20 36 40 43 47  26
 Oct 07  1990 17 18 32 34 39 46  08
 Oct 11  1990 10 14 34 37 40 49  42
 Oct 14  1990 01 06 08 30 32 44  17
 Oct 18  1990 09 13 14 33 39 40  08
 Oct 21  1990 06 14 15 19 26 28  49
 Oct 25  1990 01 09 14 20 43 48  44
 Oct 28  1990 03 16 18 24 31 44  22
 Oct 31  1990 03 10 14 16 17 39  11
 Nov 03  1990 01 11 16 27 32 49  37
 Nov 07  1990 19 30 32 39 42 49  28
 Nov 10  1990 05 10 19 29 35 42  07
 Nov 14  1990 21 26 29 31 46 47  14
 Nov 17  1990 04 16 27 28 35 46  05
 Nov 21  1990 06 10 20 30 31 39  02
 Nov 24  1990 03 05 13 14 31 40  23
 Nov 28  1990 12 21 28 34 38 39  25
 Dec 01  1990 03 05 14 26 34 41  12
 Dec 05  1990 10 17 22 26 34 45  38
 Dec 08  1990 01 19 21 23 24 46  07
 Dec 12  1990 05 09 23 27 28 39  42
 Dec 15  1990 21 26 29 33 35 43  25
 Dec 19  1990 20 27 34 39 42 47  14
 Dec 22  1990 02 03 13 26 36 38  40
 Dec 26  1990 16 19 25 32 38 47  30
 Dec 29  1990 07 25 28 37 44 48  11
 Jan 02  1991 02 14 19 20 26 49  08
 Jan 05  1991 07 09 21 25 26 46  13
 Jan 09  1991 02 05 09 17 22 38  12
 Jan 12  1991 11 22 24 37 39 49  27
 Jan 16  1991 17 33 34 37 41 47  12
 Jan 19  1991 05 07 10 15 24 29  43
 Jan 23  1991 18 23 29 38 41 44  36
 Jan 26  1991 08 28 30 31 32 35  26
 Jan 30  1991 01 13 17 23 30 40  14
 Feb 02  1991 05 10 16 20 29 42  06
 Feb 06  1991 12 15 17 28 38 43  33
 Feb 09  1991 09 11 21 28 29 37  38
 Feb 13  1991 03 05 23 24 34 47  31
 Feb 16  1991 06 07 23 30 38 45  13
 Feb 20  1991 04 16 18 28 31 38  46
 Feb 23  1991 10 11 17 29 38 47  28
 Feb 27  1991 04 06 18 33 42 44  20
 Mar 02  1991 06 07 12 37 45 48  28
 Mar 06  1991 16 17 23 28 43 49  29
 Mar 09  1991 08 13 22 34 43 45  16
 Mar 13  1991 04 05 15 18 25 41  11
 Mar 16  1991 21 22 29 31 42 47  36
 Mar 20  1991 02 05 06 08 32 46  49
 Mar 23  1991 13 17 22 28 31 41  48
 Mar 27  1991 07 14 17 22 30 47  21
 Mar 30  1991 01 08 18 19 29 33  41
 Apr 03  1991 03 04 09 29 38 47  31
 Apr 06  1991 04 10 19 24 41 45  27
 Apr 10  1991 01 03 07 23 28 42  26
 Apr 13  1991 16 24 26 27 39 45  08
 Apr 17  1991 10 15 22 25 27 40  30
 Apr 20  1991 06 19 25 39 44 47  01
 Apr 24  1991 09 18 22 26 32 36  19
 Apr 27  1991 14 19 20 27 40 45  11
 May 01  1991 10 21 35 36 42 44  40
 May 04  1991 08 12 25 30 43 49  45
 May 08  1991 16 25 30 38 46 48  09
 May 11  1991 06 30 31 32 35 47  14
 May 15  1991 05 10 27 29 35 45  36
 May 18  1991 16 18 20 26 37 38  03
 May 22  1991 16 26 30 33 43 49  17
 May 25  1991 02 23 28 32 33 47  44
 May 29  1991 08 18 20 26 29 37  17
 Jun 01  1991 07 08 13 25 38 44  40
 Jun 05  1991 11 18 26 33 47 49  34
 Jun 08  1991 11 13 26 28 36 41  34
 Jun 12  1991 14 20 32 35 40 41  38
 Jun 15  1991 03 09 17 24 39 43  02
 Jun 19  1991 04 08 30 39 40 45  46
 Jun 22  1991 20 24 35 36 40 45  43
 Jun 26  1991 08 10 17 26 37 41  30
 Jun 29  1991 03 05 10 12 13 40  43
 Jul 03  1991 06 11 15 25 40 46  12
 Jul 06  1991 06 10 32 37 40 48  26
 Jul 10  1991 07 10 23 26 27 32  41
 Jul 13  1991 03 09 24 26 33 47  04
 Jul 17  1991 02 08 09 20 23 43  04
 Jul 20  1991 10 11 22 28 30 33  41
 Jul 24  1991 07 15 19 32 33 34  20
 Jul 27  1991 09 30 31 33 37 43  27
 Jul 31  1991 07 12 14 16 35 39  21
 Aug 03  1991 04 23 25 36 38 43  34
 Aug 07  1991 02 07 11 15 42 49  19
 Aug 10  1991 06 07 19 27 37 45  09
 Aug 14  1991 23 25 28 30 32 49  18
 Aug 17  1991 13 15 18 21 38 44  39
 Aug 21  1991 09 15 17 31 33 34  10
 Aug 24  1991 04 08 09 41 45 47  19
 Aug 28  1991 23 27 33 46 47 49  35
 Aug 31  1991 01 03 06 22 25 39  48
 Sep 04  1991 01 05 06 15 20 22  13
 Sep 07  1991 01 05 18 34 35 37  27
 Sep 11  1991 02 09 19 24 32 41  08
 Sep 14  1991 05 12 21 32 46 47  14
 Sep 18  1991 04 05 27 38 43 45  12
 Sep 21  1991 01 02 07 09 21 42  27
 Sep 25  1991 10 17 23 29 30 43  19
 Sep 28  1991 01 03 24 27 43 45  15
 Oct 02  1991 31 36 40 43 48 49  33
 Oct 05  1991 01 18 36 40 44 47  09
 Oct 09  1991 05 08 17 32 43 44  39
 Oct 12  1991 17 34 39 41 43 47  21
 Oct 16  1991 04 08 10 13 29 43  12
 Oct 19  1991 12 25 36 37 40 42  19
 Oct 23  1991 13 21 27 46 47 48  15
 Oct 26  1991 07 24 32 33 34 35  17
 Oct 30  1991 02 03 18 30 34 40  13
 Nov 02  1991 06 15 35 42 47 48  09
 Nov 06  1991 05 17 25 26 41 42  30
 Nov 09  1991 07 13 17 19 23 39  18
 Nov 13  1991 07 09 17 21 39 49  23
 Nov 16  1991 04 06 20 26 31 33  11
 Nov 20  1991 07 11 13 36 43 44  23
 Nov 23  1991 15 38 43 45 48 49  04
 Nov 27  1991 01 03 04 23 36 38  15
 Nov 30  1991 14 15 24 36 45 46  27
 Dec 04  1991 06 12 23 30 34 43  07
 Dec 07  1991 05 06 33 41 44 49  09
 Dec 11  1991 19 21 32 35 38 47  29
 Dec 14  1991 17 18 20 29 31 43  02
 Dec 18  1991 17 19 28 35 36 42  39
 Dec 21  1991 19 21 22 23 37 45  01
 Dec 25  1991 02 11 25 34 46 49  47
 Dec 28  1991 22 32 35 39 44 46  48
 Jan 01  1992 04 07 16 21 47 48  05
 Jan 04  1992 11 14 38 43 44 46  19
 Jan 08  1992 07 16 20 28 32 41  24
 Jan 11  1992 07 08 23 26 46 48  47
 Jan 15  1992 01 11 20 23 28 32  04
 Jan 18  1992 08 17 25 26 45 46  42
 Jan 22  1992 12 30 40 46 47 49  22
 Jan 25  1992 06 12 18 19 31 47  49
 Jan 29  1992 01 03 07 08 35 44  16
 Feb 01  1992 26 30 32 34 40 47  28
 Feb 05  1992 02 08 12 15 39 49  48
 Feb 08  1992 05 16 17 18 31 38  19
 Feb 12  1992 03 16 18 21 25 48  30
 Feb 15  1992 09 15 22 38 41 45  33
 Feb 19  1992 07 09 10 17 38 44  32
 Feb 22  1992 01 12 20 25 29 43  37
 Feb 26  1992 16 18 27 28 29 31  04
 Feb 29  1992 14 15 26 34 35 42  06
 Mar 04  1992 09 12 21 22 35 44  41
 Mar 07  1992 07 18 21 26 34 36  46
 Mar 11  1992 01 07 28 31 40 44  46
 Mar 14  1992 02 14 16 25 30 33  11
 Mar 18  1992 02 12 24 26 38 42  13
 Mar 21  1992 04 12 13 14 27 28  10
 Mar 25  1992 12 22 29 32 33 36  27
 Mar 28  1992 04 06 15 38 41 48  05
 Apr 01  1992 02 05 24 25 31 35  33
 Apr 04  1992 16 18 26 27 29 34  08
 Apr 08  1992 29 34 35 39 40 43  30
 Apr 11  1992 06 07 08 10 26 38  09
 Apr 15  1992 07 12 19 22 32 48  13
 Apr 18  1992 02 26 31 33 38 40  28
 Apr 22  1992 05 09 22 33 34 48  35
 Apr 25  1992 01 24 26 28 29 32  39
 Apr 29  1992 07 15 28 29 33 41  13
 May 02  1992 04 05 06 13 22 40  36
 May 06  1992 14 17 21 25 27 39  32
 May 09  1992 14 21 25 28 36 37  39
 May 13  1992 19 20 25 27 31 38  10
 May 16  1992 01 02 15 26 39 49  25
 May 20  1992 21 23 31 34 38 44  08
 May 23  1992 02 16 18 25 27 45  28
 May 27  1992 11 30 32 34 42 44  36
 May 30  1992 02 12 19 21 35 49  44
 Jun 03  1992 09 32 34 36 43 49  24
 Jun 06  1992 09 15 16 33 35 41  38
 Jun 10  1992 03 19 29 31 34 42  14
 Jun 13  1992 20 21 32 39 42 43  47
 Jun 17  1992 09 12 17 25 30 35  04
 Jun 20  1992 09 11 32 34 35 48  42
 Jun 24  1992 07 18 21 26 31 37  42
 Jun 27  1992 19 29 30 31 32 36  12
 Jul 01  1992 13 23 29 39 46 47  03
 Jul 04  1992 07 08 24 39 40 46  20
 Jul 08  1992 01 02 03 04 13 48  20
 Jul 11  1992 13 15 18 23 26 46  39
 Jul 15  1992 05 21 30 33 36 41  18
 Jul 18  1992 08 13 23 31 39 41  07
 Jul 22  1992 16 20 22 31 40 43  42
 Jul 25  1992 03 08 12 19 42 44  33
 Jul 29  1992 05 06 07 14 16 46  37
 Aug 01  1992 06 07 21 28 38 39  42
 Aug 05  1992 01 02 12 20 21 47  42
 Aug 08  1992 15 27 30 31 34 43  12
 Aug 12  1992 03 04 20 22 33 46  19
 Aug 15  1992 16 21 25 26 38 47  24
 Aug 19  1992 09 10 21 28 30 41  01
 Aug 22  1992 06 14 23 29 44 48  13
 Aug 26  1992 04 13 26 35 41 46  06
 Aug 29  1992 03 09 18 32 41 47  30
 Sep 02  1992 01 15 32 35 38 49  14
 Sep 05  1992 11 14 16 17 29 41  35
 Sep 09  1992 05 10 31 35 37 41  20
 Sep 12  1992 01 03 14 17 38 40  20
 Sep 16  1992 01 04 30 40 42 48  49
 Sep 19  1992 04 12 31 41 43 49  24
 Sep 23  1992 19 21 34 36 47 49  42
 Sep 26  1992 16 17 20 21 29 35  41
 Sep 30  1992 14 35 40 43 46 47  11
 Oct 03  1992 11 15 16 22 27 34  12
 Oct 07  1992 08 17 25 26 38 42  14
 Oct 10  1992 08 12 22 39 40 44  17
 Oct 14  1992 03 12 35 42 43 45  13
 Oct 17  1992 02 13 15 24 33 35  39
 Oct 21  1992 07 18 26 35 38 48  49
 Oct 24  1992 11 22 25 33 42 49  28
 Oct 28  1992 03 11 13 15 20 39  32
 Oct 31  1992 22 28 29 30 36 47  16
 Nov 04  1992 12 14 19 26 40 42  03
 Nov 07  1992 08 09 14 38 42 49  41
 Nov 11  1992 12 19 28 31 41 47  16
 Nov 14  1992 02 06 07 08 30 37  47
 Nov 18  1992 03 07 11 29 45 48  08
 Nov 21  1992 05 06 07 12 35 39  29
 Nov 25  1992 18 28 29 30 46 49  07
 Nov 28  1992 10 19 20 35 38 43  48
 Dec 02  1992 02 16 22 24 27 45  42
 Dec 05  1992 03 21 23 41 43 46  01
 Dec 09  1992 01 05 10 16 44 45  23
 Dec 12  1992 15 18 29 30 37 47  44
 Dec 16  1992 02 11 32 33 48 49  03
 Dec 19  1992 08 09 13 27 28 38  07
 Dec 23  1992 07 14 32 36 39 44  43
 Dec 26  1992 11 13 16 17 19 20  37
 Dec 30  1992 11 23 30 31 34 46  17
 Jan 02  1993 07 15 19 28 29 30  43
 Jan 06  1993 03 16 20 22 37 39  31
 Jan 09  1993 06 14 18 21 34 35  22
 Jan 13  1993 03 11 16 23 24 26  25
 Jan 16  1993 16 31 38 39 41 42  30
 Jan 20  1993 11 12 18 20 36 43  44
 Jan 23  1993 12 21 25 34 45 48  39
 Jan 27  1993 07 15 31 41 46 47  17
 Jan 30  1993 01 06 13 14 19 34  08
 Feb 03  1993 01 24 28 34 44 47  43
 Feb 06  1993 19 29 33 34 39 41  26
 Feb 10  1993 13 19 29 31 32 48  47
 Feb 13  1993 12 16 17 20 34 39  43
 Feb 17  1993 04 12 16 22 32 40  35
 Feb 20  1993 12 14 32 40 43 49  38
 Feb 24  1993 04 05 08 10 32 39  28
 Feb 27  1993 01 08 16 18 19 38  26
 Mar 03  1993 22 24 28 33 38 46  31
 Mar 06  1993 01 02 14 25 29 46  28
 Mar 10  1993 03 06 09 39 46 47  01
 Mar 13  1993 01 07 18 19 27 41  09
 Mar 17  1993 05 12 15 26 36 46  23
 Mar 20  1993 06 11 13 21 27 41  35
 Mar 24  1993 09 15 25 27 28 41  46
 Mar 27  1993 07 14 26 28 30 42  13
 Mar 31  1993 06 20 24 29 32 42  17
 Apr 03  1993 01 02 08 12 41 45  15
 Apr 07  1993 08 28 30 37 41 43  14
 Apr 10  1993 32 36 43 44 45 47  10
 Apr 14  1993 11 18 20 25 35 39  19
 Apr 17  1993 12 21 23 31 33 45  18
 Apr 21  1993 04 06 17 31 34 49  02
 Apr 24  1993 08 20 30 38 41 43  16
 Apr 28  1993 04 07 11 18 46 47  36
 May 01  1993 04 18 39 40 42 43  17
 May 05  1993 03 13 16 18 19 46  39
 May 08  1993 01 03 08 27 39 48  11
 May 12  1993 09 20 24 38 44 48  37
 May 15  1993 03 06 22 31 35 43  07
 May 19  1993 03 25 29 37 44 45  43
 May 22  1993 10 12 22 27 31 32  29
 May 26  1993 05 06 09 39 43 47  32
 May 29  1993 12 17 33 34 40 48  36
 Jun 02  1993 01 03 19 32 37 47  23
 Jun 05  1993 17 23 32 33 40 47  27
 Jun 09  1993 18 27 28 34 38 45  19
 Jun 12  1993 01 03 13 21 32 45  37
 Jun 16  1993 03 08 12 20 26 39  24
 Jun 19  1993 05 17 31 34 36 38  11
 Jun 23  1993 05 24 38 40 44 48  10
 Jun 26  1993 16 17 23 35 39 45  18
 Jun 30  1993 12 18 27 29 31 43  20
 Jul 03  1993 08 10 32 36 37 44  09
 Jul 07  1993 23 27 31 39 41 42  07
 Jul 10  1993 13 30 37 39 42 44  01
 Jul 14  1993 16 24 25 27 29 40  19
 Jul 17  1993 02 04 14 32 39 43  06
 Jul 21  1993 01 06 16 38 41 48  27
 Jul 24  1993 15 23 27 31 41 42  45
 Jul 28  1993 02 04 08 09 22 34  48
 Jul 31  1993 04 14 20 21 29 36  03
 Aug 04  1993 05 18 19 26 30 40  46
 Aug 07  1993 04 09 17 31 33 38  34
 Aug 11  1993 02 06 15 26 36 40  28
 Aug 14  1993 09 16 26 30 32 36  29
 Aug 18  1993 20 22 37 42 43 46  24
 Aug 21  1993 17 18 20 39 40 41  42
 Aug 25  1993 16 19 20 25 35 42  30
 Aug 28  1993 12 19 21 28 30 39  46
 Sep 01  1993 02 18 31 33 43 47  13
 Sep 04  1993 01 21 23 25 29 44  45
 Sep 08  1993 04 21 23 29 33 40  41
 Sep 11  1993 03 07 12 16 30 31  44
 Sep 15  1993 04 09 12 27 28 48  15
 Sep 18  1993 04 05 21 24 36 38  08
 Sep 22  1993 11 12 27 29 31 38  18
 Sep 25  1993 10 26 27 35 41 46  11
 Sep 29  1993 11 19 20 36 38 47  35
 Oct 02  1993 07 18 25 34 39 47  16
 Oct 06  1993 23 26 29 41 42 46  18
 Oct 09  1993 02 08 10 12 23 44  40
 Oct 13  1993 04 23 24 34 41 48  47
 Oct 16  1993 04 07 20 32 45 48  23
 Oct 20  1993 11 17 22 30 40 41  37
 Oct 23  1993 03 22 31 32 33 39  05
 Oct 27  1993 02 07 08 15 21 40  25
 Oct 30  1993 05 13 22 23 28 38  07
 Nov 03  1993 13 15 23 26 32 33  28
 Nov 06  1993 07 08 13 16 17 36  41
 Nov 10  1993 06 27 33 41 47 48  07
 Nov 13  1993 05 06 12 13 34 45  22
 Nov 17  1993 08 28 30 33 37 46  24
 Nov 20  1993 12 15 25 34 37 49  42
 Nov 24  1993 01 19 22 23 24 34  47
 Nov 27  1993 11 14 16 19 44 46  02
 Dec 01  1993 01 04 15 27 32 45  38
 Dec 04  1993 25 29 30 32 33 42  31
 Dec 08  1993 07 09 19 28 34 45  12
 Dec 11  1993 09 15 32 37 42 46  41
 Dec 15  1993 11 25 28 29 33 43  20
 Dec 18  1993 05 22 25 27 30 44  14
 Dec 22  1993 04 09 17 26 32 37  22
 Dec 25  1993 01 07 13 24 40 46  45
 Dec 29  1993 02 06 15 29 31 37  47
 Jan 01  1994 05 11 25 29 38 39  23
 Jan 05  1994 02 12 19 21 24 43  26
 Jan 08  1994 01 04 22 23 34 35  37
 Jan 12  1994 10 24 26 30 40 47  06
 Jan 15  1994 11 15 27 30 46 49  19
 Jan 19  1994 04 14 17 20 21 33  01
 Jan 22  1994 04 13 30 37 41 46  06
 Jan 26  1994 13 14 27 31 38 40  12
 Jan 29  1994 05 08 37 42 47 48  49
 Feb 02  1994 09 10 30 31 37 44  04
 Feb 05  1994 01 02 13 17 31 41  22
 Feb 09  1994 17 19 20 21 35 41  42
 Feb 12  1994 02 12 27 36 39 41  01
 Feb 16  1994 07 22 25 39 45 48  37
 Feb 19  1994 10 14 21 36 37 38  47
 Feb 23  1994 05 07 11 31 35 46  30
 Feb 26  1994 01 11 26 28 30 31  10
 Mar 02  1994 05 10 14 35 43 47  26
 Mar 05  1994 02 10 25 38 41 42  07
 Mar 09  1994 10 13 14 34 36 42  40
 Mar 12  1994 01 15 24 36 37 43  13
 Mar 16  1994 22 24 37 38 46 49  35
 Mar 19  1994 12 13 15 37 38 42  23
 Mar 23  1994 05 08 32 33 47 49  46
 Mar 26  1994 11 13 20 29 34 49  30
 Mar 30  1994 13 15 23 28 46 49  21
 Apr 02  1994 08 31 33 34 45 46  37
 Apr 06  1994 05 17 20 27 28 31  47
 Apr 09  1994 04 09 30 31 45 49  32
 Apr 13  1994 09 16 22 27 38 48  35
 Apr 16  1994 09 10 18 21 25 47  45
 Apr 20  1994 10 20 26 35 42 43  48
 Apr 23  1994 08 12 18 24 30 44  22
 Apr 27  1994 11 24 40 42 44 45  49
 Apr 30  1994 04 11 17 28 30 32  23
 May 04  1994 09 11 22 27 37 42  43
 May 07  1994 02 05 07 09 21 24  22
 May 11  1994 02 03 17 38 40 42  01
 May 14  1994 08 22 29 42 46 48  39
 May 18  1994 01 04 08 30 31 33  21
 May 21  1994 04 10 25 33 36 46  30
 May 25  1994 05 22 27 35 38 47  37
 May 28  1994 11 16 35 37 46 49  34
 Jun 01  1994 12 13 16 29 44 45  40
 Jun 04  1994 13 17 33 39 42 46  29
 Jun 08  1994 18 21 24 31 35 39  14
 Jun 11  1994 10 13 31 32 39 46  18
 Jun 15  1994 02 20 22 23 24 31  38
 Jun 18  1994 02 03 31 36 46 48  07
 Jun 22  1994 08 10 31 34 40 41  49
 Jun 25  1994 09 14 21 26 27 35  38
 Jun 29  1994 10 13 14 34 39 48  23
 Jul 02  1994 12 24 28 34 35 42  14
 Jul 06  1994 30 34 37 38 40 49  16
 Jul 09  1994 17 30 33 42 45 48  43
 Jul 13  1994 06 08 12 44 46 47  36
 Jul 16  1994 21 27 28 32 38 42  22
 Jul 20  1994 10 17 19 31 35 48  13
 Jul 23  1994 04 11 16 26 28 38  47
 Jul 27  1994 03 08 12 26 29 42  13
 Jul 30  1994 10 21 22 35 42 45  26
 Aug 03  1994 13 16 18 27 28 41  32
 Aug 06  1994 03 08 11 12 21 48  43
 Aug 10  1994 01 12 14 34 39 48  03
 Aug 13  1994 08 09 16 18 22 37  33
 Aug 17  1994 18 21 23 24 28 41  19
 Aug 20  1994 14 18 26 31 34 40  05
 Aug 24  1994 07 09 19 25 42 44  11
 Aug 27  1994 01 07 14 18 26 33  10
 Aug 31  1994 01 14 19 34 42 49  32
 Sep 03  1994 01 02 34 35 45 47  49
 Sep 07  1994 02 03 13 27 30 49  07
 Sep 10  1994 03 07 08 21 27 37  40
 Sep 14  1994 15 20 36 37 48 49  21
 Sep 17  1994 04 20 31 35 43 46  36
 Sep 21  1994 23 24 25 29 34 48  20
 Sep 24  1994 08 11 14 18 25 43  37
 Sep 28  1994 01 19 24 26 31 32  10
 Oct 01  1994 07 12 13 19 20 27  02
 Oct 05  1994 10 15 17 20 22 37  25
 Oct 08  1994 09 19 31 32 38 40  08
 Oct 12  1994 06 07 09 17 19 44  47
 Oct 15  1994 10 11 32 36 45 46  43
 Oct 19  1994 04 09 18 22 34 42  02
 Oct 22  1994 06 09 14 29 38 46  05
 Oct 26  1994 18 19 20 23 30 42  28
 Oct 29  1994 11 13 18 33 39 41  31
 Nov 02  1994 19 25 26 41 44 45  20
 Nov 05  1994 06 07 16 22 37 38  11
 Nov 09  1994 06 19 20 31 43 48  33
 Nov 12  1994 21 28 35 40 45 47  19
 Nov 16  1994 23 29 33 34 38 42  43
 Nov 19  1994 06 14 23 27 38 40  21
 Nov 23  1994 05 07 09 10 13 49  28
 Nov 26  1994 09 13 14 31 45 46  33
 Nov 30  1994 12 32 41 42 46 49  39
 Dec 03  1994 02 14 31 36 44 49  25
 Dec 07  1994 07 15 31 36 38 39  48
 Dec 10  1994 09 15 27 33 36 39  35
 Dec 14  1994 08 12 30 33 34 44  31
 Dec 17  1994 11 23 30 39 40 41  16
 Dec 21  1994 16 17 26 30 40 43  22
 Dec 24  1994 01 10 18 19 27 42  44
 Dec 28  1994 10 21 22 27 28 43  17
 Dec 31  1994 10 12 30 32 34 38  39
 Jan 04  1995 21 22 24 31 33 34  41
 Jan 07  1995 05 07 11 30 43 49  15
 Jan 11  1995 03 05 10 28 41 47  42
 Jan 14  1995 15 25 30 33 45 46  01
 Jan 18  1995 03 08 15 18 26 34  25
 Jan 21  1995 06 09 13 23 26 41  37
 Jan 25  1995 07 08 31 35 37 41  42
 Jan 28  1995 02 07 08 20 28 34  46
 Feb 01  1995 10 32 35 37 39 47  17
 Feb 04  1995 02 22 25 26 32 46  17
 Feb 08  1995 16 18 21 22 27 47  05
 Feb 11  1995 06 17 23 28 35 47  45
 Feb 15  1995 06 15 28 38 43 47  14
 Feb 18  1995 06 19 27 33 43 47  41
 Feb 22  1995 15 16 19 30 35 39  17
 Feb 25  1995 06 09 13 31 35 47  16
 Mar 01  1995 01 19 20 36 46 49  24
 Mar 04  1995 06 10 12 39 41 49  35
 Mar 08  1995 09 13 24 28 30 44  42
 Mar 11  1995 10 31 32 35 38 46  45
 Mar 15  1995 01 08 22 34 38 43  20
 Mar 18  1995 05 08 24 32 47 48  01
 Mar 22  1995 03 09 16 19 32 47  17
 Mar 25  1995 17 18 34 41 43 48  47
 Mar 29  1995 02 04 06 26 27 44  31
 Apr 01  1995 18 20 21 30 34 46  25
 Apr 05  1995 06 15 23 24 34 42  04
 Apr 08  1995 04 08 36 41 45 46  18
 Apr 12  1995 16 17 19 32 35 42  33
 Apr 15  1995 02 06 08 17 25 40  23
 Apr 19  1995 03 04 11 12 28 31  08
 Apr 22  1995 05 19 30 33 36 39  23
 Apr 26  1995 03 17 19 21 27 46  29
 Apr 29  1995 01 03 08 11 20 30  05
 May 03  1995 05 16 17 32 45 48  10
 May 06  1995 03 07 13 17 32 48  14
 May 10  1995 12 15 19 25 26 32  10
 May 13  1995 01 09 23 34 37 43  06
 May 17  1995 01 03 07 27 34 41  21
 May 20  1995 05 12 24 29 38 41  47
 May 24  1995 02 05 09 14 44 46  42
 May 27  1995 18 19 29 31 35 43  10
 May 31  1995 17 25 27 30 32 36  49
 Jun 03  1995 19 33 34 35 40 41  12
 Jun 07  1995 13 14 28 33 34 48  09
 Jun 10  1995 06 10 23 40 46 49  36
 Jun 14  1995 09 14 26 32 33 48  47
 Jun 17  1995 05 06 14 32 44 45  21
 Jun 21  1995 01 04 05 09 27 42  13
 Jun 24  1995 04 13 15 19 30 46  43
 Jun 28  1995 03 30 31 33 34 41  01
 Jul 01  1995 07 09 20 26 32 38  25
 Jul 05  1995 05 17 24 25 28 49  30
 Jul 08  1995 07 18 20 27 42 48  03
 Jul 12  1995 13 32 35 38 40 44  47
 Jul 15  1995 05 11 17 25 34 49  23
 Jul 19  1995 06 11 17 26 27 47  01
 Jul 22  1995 09 12 27 30 36 37  13
 Jul 26  1995 16 18 29 31 41 47  28
 Jul 29  1995 08 13 16 37 39 46  34
 Aug 02  1995 02 11 23 33 43 46  16
 Aug 05  1995 13 21 27 30 38 43  39
 Aug 09  1995 03 07 17 21 32 46  35
 Aug 12  1995 16 18 20 30 32 42  11
 Aug 16  1995 19 20 28 30 31 43  35
 Aug 19  1995 07 24 36 40 46 48  27
 Aug 23  1995 04 07 13 20 27 30  37
 Aug 26  1995 01 16 23 32 35 45  10
 Aug 30  1995 20 21 27 36 37 47  03
 Sep 02  1995 04 12 28 31 45 46  06
 Sep 06  1995 07 18 21 23 32 46  38
 Sep 09  1995 02 06 12 18 38 42  28
 Sep 13  1995 02 03 13 16 22 48  49
 Sep 16  1995 07 10 30 36 38 49  25
 Sep 20  1995 08 13 17 18 27 32  20
 Sep 23  1995 03 05 21 32 43 46  04
 Sep 27  1995 12 17 19 22 42 48  04
 Sep 30  1995 12 13 18 19 36 48  23
 Oct 04  1995 19 29 37 41 45 48  39
 Oct 07  1995 12 17 23 32 44 49  42
 Oct 11  1995 01 09 18 33 36 48  29
 Oct 14  1995 09 17 29 38 39 42  04
 Oct 18  1995 03 04 08 15 30 31  28
 Oct 21  1995 04 25 33 35 40 45  26
 Oct 25  1995 03 05 12 38 41 44  18
 Oct 28  1995 08 19 27 34 36 45  03
 Nov 01  1995 02 20 22 30 33 43  42
 Nov 04  1995 20 30 40 41 43 44  32
 Nov 08  1995 02 06 18 28 32 44  20
 Nov 11  1995 06 09 21 31 40 42  30
 Nov 15  1995 12 26 27 34 41 43  10
 Nov 18  1995 16 21 22 26 35 49  13
 Nov 22  1995 05 12 34 35 37 49  14
 Nov 25  1995 03 05 08 09 37 38  29
 Nov 29  1995 14 22 26 38 42 43  36
 Dec 02  1995 09 19 21 23 31 49  22
 Dec 06  1995 05 12 22 26 29 31  40
 Dec 09  1995 08 14 15 21 48 49  34
 Dec 13  1995 07 15 20 23 40 49  16
 Dec 16  1995 04 07 21 36 39 40  08
 Dec 20  1995 04 11 12 14 27 30  08
 Dec 23  1995 04 06 08 22 23 25  12
 Dec 27  1995 08 18 26 30 39 49  03
 Dec 30  1995 07 15 23 27 30 49  32
 Jan 03  1996 01 10 16 24 39 48  30
 Jan 06  1996 02 05 09 18 34 41  27
 Jan 10  1996 01 12 27 28 41 44  25
 Jan 13  1996 03 05 11 19 29 40  08
 Jan 17  1996 01 09 27 33 37 41  26
 Jan 20  1996 06 19 28 35 38 42  45
 Jan 24  1996 01 03 05 16 20 26  31
 Jan 27  1996 08 13 26 28 34 37  19
 Jan 31  1996 04 09 13 22 24 30  31
 Feb 03  1996 17 31 36 38 45 49  11
 Feb 07  1996 28 32 34 41 45 48  23
 Feb 10  1996 13 24 27 31 46 48  09
 Feb 14  1996 09 13 20 30 34 36  12
 Feb 17  1996 04 07 15 34 37 41  46
 Feb 21  1996 08 34 38 43 46 47  05
 Feb 24  1996 08 13 24 28 32 41  18
 Feb 28  1996 01 03 07 25 33 34  22
 Mar 02  1996 02 03 24 25 43 45  18
 Mar 06  1996 02 09 17 25 30 40  49
 Mar 09  1996 04 07 10 13 39 46  49
 Mar 13  1996 03 08 13 21 32 49  28
 Mar 16  1996 12 17 19 23 24 40  14
 Mar 20  1996 03 06 10 15 42 47  25
 Mar 23  1996 09 15 26 40 43 48  41
 Mar 27  1996 20 21 30 39 41 47  17
 Mar 30  1996 04 22 25 44 46 48  03
 Apr 03  1996 23 30 35 44 46 48  20
 Apr 06  1996 05 07 21 34 38 45  10
 Apr 10  1996 11 16 18 27 42 43  36
 Apr 13  1996 03 15 21 30 34 47  37
 Apr 17  1996 01 15 20 34 36 39  45
 Apr 20  1996 01 16 17 30 44 49  37
 Apr 24  1996 11 12 13 14 39 47  24
 Apr 27  1996 10 23 38 42 44 49  19
 May 01  1996 30 32 39 40 42 44  29
 May 04  1996 27 38 39 43 44 49  34
 May 08  1996 04 20 23 26 32 46  03
 May 11  1996 13 18 21 31 38 44  03
 May 15  1996 12 14 16 41 45 48  47
 May 18  1996 16 39 40 44 48 49  29
 May 22  1996 01 12 18 23 47 49  24
 May 25  1996 11 12 20 21 39 45  32
 May 29  1996 03 09 29 31 44 49  26
 Jun 01  1996 02 03 09 16 27 43  21
 Jun 05  1996 19 20 38 39 44 45  01
 Jun 08  1996 05 15 40 41 45 49  27
 Jun 12  1996 01 14 20 25 27 31  21
 Jun 15  1996 07 20 23 27 38 41  05
 Jun 19  1996 23 32 34 37 42 43  24
 Jun 22  1996 03 28 36 37 43 47  20
 Jun 26  1996 08 15 23 39 40 45  25
 Jun 29  1996 08 09 14 27 40 49  05
 Jul 03  1996 16 18 19 23 32 33  29
 Jul 06  1996 07 13 21 22 33 38  30
 Jul 10  1996 11 20 21 26 39 43  01
 Jul 13  1996 01 02 10 24 29 39  30
 Jul 17  1996 01 08 10 15 40 41  16
 Jul 20  1996 03 05 08 37 38 46  24
 Jul 24  1996 08 12 19 25 27 40  44
 Jul 27  1996 21 26 27 34 40 48  39
 Jul 31  1996 04 13 21 23 37 38  01
 Aug 03  1996 05 12 31 33 39 49  22
 Aug 07  1996 02 21 25 30 35 41  01
 Aug 10  1996 04 14 15 19 23 38  49
 Aug 14  1996 02 08 12 24 34 39  04
 Aug 17  1996 01 19 24 33 44 45  48
 Aug 21  1996 18 25 26 31 34 42  36
 Aug 24  1996 12 28 32 43 47 48  16
 Aug 28  1996 07 13 24 39 41 49  16
 Aug 31  1996 01 05 08 14 38 45  25
 Sep 04  1996 01 14 17 24 41 42  34
 Sep 07  1996 11 14 15 21 30 32  37
 Sep 11  1996 12 14 20 21 39 43  48
 Sep 14  1996 01 15 27 29 35 47  39
 Sep 18  1996 13 26 30 38 43 46  06
 Sep 21  1996 02 03 13 17 23 42  31
 Sep 25  1996 07 21 32 33 38 42  10
 Sep 28  1996 20 30 32 39 41 42  26
 Oct 02  1996 07 18 21 29 36 37  27
 Oct 05  1996 05 22 30 31 37 38  23
 Oct 09  1996 15 22 30 31 37 38  01
 Oct 12  1996 08 20 38 40 42 44  10
 Oct 16  1996 06 13 14 15 20 42  21
 Oct 19  1996 05 13 19 31 40 43  11
 Oct 23  1996 04 05 10 21 24 44  14
 Oct 26  1996 01 08 09 14 37 45  10
 Oct 30  1996 14 19 21 25 34 48  20
 Nov 02  1996 10 16 17 23 36 48  19
 Nov 06  1996 04 07 36 39 47 48  20
 Nov 09  1996 07 21 25 31 42 47  20
 Nov 13  1996 02 07 09 31 44 46  26
 Nov 16  1996 02 12 21 34 41 43  36
 Nov 20  1996 04 08 23 26 30 46  45
 Nov 23  1996 03 05 06 08 14 48  01
 Nov 27  1996 04 09 21 26 48 49  45
 Nov 30  1996 04 13 21 23 30 40  03
 Dec 04  1996 09 17 29 32 41 42  18
 Dec 07  1996 02 06 27 35 41 42  04
 Dec 11  1996 01 03 06 11 27 47  18
 Dec 14  1996 14 15 32 38 40 46  03
 Dec 18  1996 07 08 12 18 23 36  19
 Dec 21  1996 09 12 23 33 41 47  05
 Dec 25  1996 13 17 27 31 40 42  34
 Dec 28  1996 08 21 22 31 33 45  39
 Jan 01  1997 01 23 25 26 33 44  24
 Jan 04  1997 23 28 33 38 47 49  09
 Jan 08  1997 19 24 30 35 37 44  48
 Jan 11  1997 04 13 17 28 44 47  23
 Jan 15  1997 02 08 13 16 26 31  23
 Jan 18  1997 08 10 18 31 41 48  39
 Jan 22  1997 06 14 16 27 30 43  42
 Jan 25  1997 06 27 30 31 34 37  35
 Jan 29  1997 01 08 19 27 32 39  33
 Feb 01  1997 04 08 23 35 40 46  05
 Feb 05  1997 04 05 07 08 16 39  03
 Feb 08  1997 20 21 25 31 43 45  02
 Feb 12  1997 08 13 25 30 43 45  21
 Feb 15  1997 06 09 16 27 46 48  38
 Feb 19  1997 09 21 25 27 40 42  14
 Feb 22  1997 01 03 07 13 39 46  04
 Feb 26  1997 05 06 21 26 42 48  28
 Mar 01  1997 11 24 28 40 46 47  39
 Mar 05  1997 03 20 22 30 44 45  05
 Mar 08  1997 13 31 32 40 45 48  16
 Mar 12  1997 12 16 25 26 28 41  43
 Mar 15  1997 05 21 29 31 45 49  41
 Mar 19  1997 12 16 20 22 26 30  36
 Mar 22  1997 04 15 20 27 41 45  40
 Mar 26  1997 04 27 32 38 40 45  20
 Mar 29  1997 09 20 27 34 38 46  35
 Apr 02  1997 01 03 12 14 17 46  38
 Apr 05  1997 02 03 15 19 44 45  34
 Apr 09  1997 11 14 15 16 28 42  39
 Apr 12  1997 11 15 27 39 43 44  04
 Apr 16  1997 09 14 19 28 37 46  48
 Apr 19  1997 04 14 18 35 36 48  27
 Apr 23  1997 22 28 36 42 46 49  43
 Apr 26  1997 03 14 19 26 35 45  37
 Apr 30  1997 02 16 20 36 45 47  32
 May 03  1997 02 08 16 31 34 36  13
 May 07  1997 08 20 23 25 36 43  35
 May 10  1997 03 05 06 20 29 33  09
 May 14  1997 05 15 17 32 41 45  42
 May 17  1997 11 21 25 27 28 37  09
 May 21  1997 03 12 21 24 37 45  28
 May 24  1997 13 23 26 27 30 44  01
 May 28  1997 02 03 19 32 36 47  25
 May 31  1997 03 08 13 30 37 47  46
 Jun 04  1997 01 02 16 19 20 38  34
 Jun 07  1997 01 04 10 22 27 42  05
 Jun 11  1997 20 21 22 34 36 43  06
 Jun 14  1997 07 16 18 25 32 33  40
 Jun 18  1997 05 25 33 37 39 43  48
 Jun 21  1997 17 21 25 26 33 48  03
 Jun 25  1997 03 08 10 23 31 47  46
 Jun 28  1997 03 10 19 27 32 33  08
 Jul 02  1997 17 25 29 30 34 40  45
 Jul 05  1997 02 03 11 14 27 30  38
 Jul 09  1997 04 31 32 35 37 48  30
 Jul 12  1997 12 16 20 23 36 47  38
 Jul 16  1997 06 15 16 36 39 46  38
 Jul 19  1997 04 05 25 37 39 44  17
 Jul 23  1997 04 12 36 44 45 47  21
 Jul 26  1997 14 19 22 24 35 47  12
 Jul 30  1997 04 05 10 20 23 47  33
 Aug 02  1997 01 07 14 16 32 41  24
 Aug 06  1997 01 06 08 10 14 49  12
 Aug 09  1997 01 02 05 11 17 19  27
 Aug 13  1997 07 15 25 32 44 49  46
 Aug 16  1997 03 04 06 20 31 35  19
 Aug 20  1997 06 14 25 30 31 36  04
 Aug 23  1997 28 29 36 39 45 46  11
 Aug 27  1997 12 13 16 34 44 49  42
 Aug 30  1997 16 19 22 34 37 40  45
 Sep 03  1997 13 14 18 23 24 27  07
 Sep 06  1997 13 23 27 39 41 49  24
 Sep 10  1997 07 12 20 35 36 38  21
 Sep 13  1997 06 11 20 24 38 42  08
 Sep 17  1997 15 23 39 40 44 46  22
 Sep 20  1997 09 11 32 38 39 40  48
 Sep 24  1997 10 12 34 37 39 41  04
 Sep 27  1997 02 10 23 31 39 49  05
 Oct 01  1997 01 03 16 29 31 46  12
 Oct 04  1997 23 26 29 31 33 42  44
 Oct 08  1997 02 03 11 15 34 47  25
 Oct 11  1997 02 03 14 17 25 49  27
 Oct 15  1997 17 23 24 39 45 49  25
 Oct 18  1997 10 13 16 21 26 35  38
 Oct 22  1997 05 11 14 19 27 29  17
 Oct 25  1997 01 11 22 28 30 43  06
 Oct 29  1997 01 20 23 31 34 44  24
 Nov 01  1997 03 17 18 21 23 28  39
 Nov 05  1997 13 15 27 31 43 44  02
 Nov 08  1997 11 15 16 25 31 44  30
 Nov 12  1997 04 05 14 30 32 34  27
 Nov 15  1997 11 28 29 34 38 40  48
 Nov 19  1997 10 23 28 38 43 45  36
 Nov 22  1997 10 15 25 31 33 35  08
 Nov 26  1997 07 10 12 15 23 47  05
 Nov 29  1997 03 04 05 09 14 18  11
 Dec 03  1997 05 20 34 38 39 47  12
 Dec 06  1997 05 06 18 23 28 47  09
 Dec 10  1997 03 17 19 29 37 42  41
 Dec 13  1997 02 16 22 23 36 45  48
 Dec 17  1997 02 05 09 10 22 35  27
 Dec 20  1997 07 13 18 26 27 47  02
 Dec 24  1997 29 32 33 46 47 48  17
 Dec 27  1997 06 12 24 29 34 45  17
 Dec 31  1997 10 13 29 30 37 41  40
 Jan 03  1998 06 20 24 33 42 47  25
 Jan 07  1998 02 09 19 37 39 46  05
 Jan 10  1998 03 06 09 16 30 49  11
 Jan 14  1998 08 18 20 22 39 40  09
 Jan 17  1998 05 14 23 28 34 47  18
 Jan 21  1998 02 03 10 16 27 37  45
 Jan 24  1998 05 09 14 21 25 42  07
 Jan 28  1998 01 02 30 31 34 49  40
 Jan 31  1998 06 10 26 28 37 42  17
 Feb 04  1998 10 16 28 37 42 47  21
 Feb 07  1998 07 18 20 21 32 40  11
 Feb 11  1998 02 13 19 32 38 47  05
 Feb 14  1998 04 10 16 21 33 36  24
 Feb 18  1998 07 14 18 25 32 37  36
 Feb 21  1998 06 22 25 26 37 43  28
 Feb 25  1998 22 26 29 31 36 39  21
 Feb 28  1998 07 20 22 23 44 49  18
 Mar 04  1998 08 12 17 28 38 40  20
 Mar 07  1998 26 34 36 41 46 48  44
 Mar 11  1998 03 06 08 30 40 43  20
 Mar 14  1998 06 07 19 34 36 41  49
 Mar 18  1998 15 23 28 39 45 48  02
 Mar 21  1998 08 12 15 23 38 45  20
 Mar 25  1998 01 07 09 11 37 40  23
 Mar 28  1998 16 22 27 29 36 42  26
 Apr 01  1998 05 20 29 42 45 49  28
 Apr 04  1998 08 12 33 36 40 45  13
 Apr 08  1998 09 12 15 29 32 37  48
 Apr 11  1998 08 29 34 37 39 47  12
 Apr 15  1998 10 12 27 31 37 42  25
 Apr 18  1998 02 23 24 28 31 35  29
 Apr 22  1998 08 19 35 42 43 48  29
 Apr 25  1998 02 08 20 28 39 40  21
 Apr 29  1998 03 17 28 30 47 48  35
 May 02  1998 05 12 13 15 30 49  22
 May 06  1998 07 17 24 32 34 43  13
 May 09  1998 07 14 27 32 46 49  33
 May 13  1998 04 15 23 30 35 49  41
 May 16  1998 04 20 25 28 35 42  31
 May 20  1998 10 11 20 22 31 39  21
 May 23  1998 01 21 26 31 32 47  25
 May 27  1998 04 09 15 20 37 43  47
 May 30  1998 01 05 12 13 16 21  20
 Jun 03  1998 02 27 32 35 41 47  04
 Jun 06  1998 05 06 31 33 44 49  43
 Jun 10  1998 01 02 06 10 16 21  19
 Jun 13  1998 12 16 20 27 43 44  41
 Jun 17  1998 06 15 23 30 34 43  05
 Jun 20  1998 02 06 16 24 34 38  08
 Jun 24  1998 01 05 22 42 47 49  20
 Jun 27  1998 06 20 26 40 42 46  05
 Jul 01  1998 09 12 25 31 36 48  39
 Jun 04  1998 02 19 23 29 46 47  40
 Jul 08  1998 10 26 28 35 38 39  03
 Jul 11  1998 10 13 27 28 31 49  47
 Jul 15  1998 05 31 37 38 43 49  14
 Jul 18  1998 06 16 17 23 34 35  49
 Jul 22  1998 02 03 22 31 34 45  37
 Jul 25  1998 10 11 33 38 39 45  44
 Jul 29  1998 01 04 14 21 22 29  31
 Aug 01  1998 10 11 19 34 45 46  28
 Aug 05  1998 01 04 14 17 31 44  27
 Aug 08  1998 03 20 21 33 35 45  26
 Aug 12  1998 15 16 38 39 41 45  08
 Aug 15  1998 12 13 15 37 41 49  45
 Aug 19  1998 01 04 08 09 47 48  24
 Aug 22  1998 12 17 21 23 38 44  14
 Aug 26  1998 01 04 22 26 37 47  07
 Aug 29  1998 08 20 22 36 47 49  45
 Sep 02  1998 09 20 26 34 44 49  18
 Sep 05  1998 04 06 29 32 33 38  01
 Sep 09  1998 10 30 37 44 47 49  11
 Sep 12  1998 05 09 10 15 21 41  42
 Sep 16  1998 08 21 23 29 30 37  03
 Sep 19  1998 13 15 26 32 34 36  33
 Sep 23  1998 01 13 26 28 29 41  43
 Sep 26  1998 13 15 28 31 35 45  04
 Sep 30  1998 10 15 22 25 32 34  37
 Oct 03  1998 01 06 17 20 33 44  26
 Oct 07  1998 01 06 14 18 25 34  41
 Oct 10  1998 03 08 21 23 33 49  37
 Oct 14  1998 06 22 28 32 42 45  10
 Oct 17  1998 10 14 15 17 23 25  26
 Oct 21  1998 04 08 15 30 41 45  26
 Oct 24  1998 19 20 21 27 34 43  03
 Oct 28  1998 09 10 23 35 42 49  28
 Oct 31  1998 03 11 24 37 38 39  42
 Nov 04  1998 15 20 21 22 26 35  31
 Nov 07  1998 14 27 31 38 45 47  44
 Nov 11  1998 03 05 06 12 14 30  19
 Nov 14  1998 04 21 23 31 43 45  25
 Nov 18  1998 01 02 06 22 36 47  41
 Nov 21  1998 02 09 21 24 35 46  05
 Nov 25  1998 06 16 17 28 45 49  03
 Nov 28  1998 03 22 25 33 39 41  21
 Dec 02  1998 01 03 05 06 24 39  16
 Dec 05  1998 04 12 15 18 19 32  27
 Dec 09  1998 17 18 19 36 41 42  25
 Dec 12  1998 10 11 20 29 43 45  39
 Dec 16  1998 11 12 16 19 26 37  33
 Dec 19  1998 06 12 17 26 38 44  14
 Dec 23  1998 03 15 17 18 24 44  23
 Dec 26  1998 02 08 10 14 18 44  23
 Dec 30  1998 10 13 16 19 25 31  23
 Jan 02  1999 06 28 33 34 36 48  27
 Jan 06  1999 06 11 30 36 37 48  24
 Jan 09  1999 01 03 18 23 24 35  29
 Jan 13  1999 01 02 06 10 14 29  03
 Jan 16  1999 01 03 05 27 30 45  04
 Jan 20  1999 01 10 16 38 44 45  20
 Jan 23  1999 04 05 09 17 30 41  20
 Jan 27  1999 12 29 38 46 48 49  07
 Jan 30  1999 04 22 23 38 42 43  49
 Feb 03  1999 10 17 19 23 25 35  06
 Feb 06  1999 06 11 20 28 33 49  47
 Feb 10  1999 09 26 32 41 48 49  07
 Feb 13  1999 07 12 30 35 44 49  39
 Feb 17  1999 08 15 27 40 45 46  34
 Feb 20  1999 09 16 27 28 32 45  43
 Feb 24  1999 02 17 19 20 26 41  11
 Feb 27  1999 12 24 25 29 39 42  03
 Mar 03  1999 02 03 05 10 26 27  35
 Mar 06  1999 14 32 35 47 48 49  13
 Mar 10  1999 07 09 10 13 15 34  45
 Mar 13  1999 05 24 30 33 37 40  31
 Mar 17  1999 07 09 12 30 41 44  24
 Mar 20  1999 02 12 16 19 36 37  18
 Mar 24  1999 22 26 32 38 45 46  10
 Mar 27  1999 15 21 32 34 36 38  13
 Mar 31  1999 03 12 18 28 31 36  14
 Apr 03  1999 11 22 24 31 32 36  02
 Apr 07  1999 02 25 38 42 45 48  20
 Apr 10  1999 04 23 33 34 36 47  16
 Apr 14  1999 17 20 28 34 40 42  11
 Apr 17  1999 24 28 29 31 36 40  25
 Apr 21  1999 13 20 22 32 39 43  05
 Apr 24  1999 02 09 16 35 41 48  29
 Apr 28  1999 11 14 16 17 19 26  35
 May 01  1999 06 12 18 20 30 45  40
 May 05  1999 01 26 29 37 40 43  38
 May 08  1999 03 04 09 24 46 49  08
 May 12  1999 02 05 18 29 35 37  24
 May 15  1999 02 14 28 30 38 45  01
 May 19  1999 02 05 18 36 37 47  13
 May 22  1999 02 08 12 27 37 39  11
 May 26  1999 14 16 31 34 36 44  13
 May 29  1999 02 10 12 15 18 36  14
 Jun 02  1999 03 14 22 37 46 48  43
 Jun 05  1999 13 23 24 37 46 47  10
 Jun 09  1999 09 12 22 26 29 32  04
 Jun 12  1999 10 22 37 38 41 42  43
 Jun 16  1999 09 11 12 17 33 42  30
 Jun 19  1999 10 29 31 32 38 47  21
 Jun 23  1999 09 15 22 37 40 49  33
 Jun 26  1999 05 21 29 30 36 42  11
 Jun 30  1999 05 20 26 34 37 46  12
 Jul 03  1999 02 05 11 15 31 36  41
 Jul 07  1999 12 16 20 26 43 44  24
 Jul 10  1999 17 23 30 36 48 49  42
 Jul 14  1999 05 09 12 42 48 49  36
 Jul 17  1999 08 14 39 41 42 49  13
 Jul 21  1999 04 07 12 17 24 32  21
 Jul 24  1999 04 07 10 25 35 38  13
 Jul 28  1999 07 24 28 37 48 49  08
 Jul 31  1999 05 14 26 31 38 48  06
 Aug 04  1999 04 11 19 21 23 40  44
 Aug 07  1999 04 10 23 25 39 42  11
 Aug 11  1999 19 27 33 41 43 46  42
 Aug 14  1999 06 08 12 13 18 46  03
 Aug 18  1999 04 07 13 31 36 37  28
 Aug 21  1999 11 14 16 21 32 39  36
 Aug 25  1999 04 19 27 28 32 36  15
 Aug 28  1999 17 26 36 39 44 47  04
 Sep 01  1999 01 10 17 20 35 45  08
 Sep 04  1999 02 12 40 42 45 47  28
 Sep 08  1999 09 18 22 25 42 49  44
 Sep 11  1999 02 03 06 15 39 44  33
 Sep 15  1999 03 05 13 20 27 29  36
 Sep 18  1999 04 07 25 30 42 47  41
 Sep 22  1999 02 11 24 29 42 46  23
 Sep 25  1999 02 19 36 45 46 47  22
 Sep 29  1999 03 04 13 34 35 36  49
 Oct 02  1999 13 20 23 31 44 49  17
 Oct 06  1999 15 19 27 29 42 48  22
 Oct 09  1999 01 02 14 25 41 44  29
 Oct 13  1999 24 37 41 44 45 47  31
 Oct 16  1999 15 16 23 38 41 46  40
 Oct 20  1999 05 14 17 32 40 46  42
 Oct 23  1999 09 19 36 40 42 48  22
 Oct 27  1999 02 03 22 32 33 34  05
 Oct 30  1999 18 20 27 34 39 43  21
 Nov 03  1999 05 26 30 34 41 44  04
 Nov 06  1999 15 16 22 33 34 43  11
 Nov 10  1999 02 08 20 28 41 42  25
 Nov 13  1999 05 14 20 22 40 43  38
 Nov 17  1999 21 26 27 32 42 44  17
 Nov 20  1999 02 10 14 24 31 45  23
 Nov 24  1999 01 19 22 29 35 48  16
 Nov 27  1999 08 11 14 34 41 42  01
 Dec 01  1999 06 09 12 21 27 32  10
 Dec 04  1999 03 08 09 33 39 49  35
 Dec 08  1999 07 14 24 27 29 49  05
 Dec 11  1999 04 09 11 16 17 44  31
 Dec 15  1999 02 20 24 25 35 45  14
 Dec 18  1999 07 32 35 36 47 48  15
 Dec 22  1999 22 23 32 34 36 47  45
 Dec 25  1999 02 08 42 45 47 49  28
 Dec 29  1999 06 10 15 17 28 44  49
 Jan 01  2000 02 34 36 41 43 45  04
 Jan 05  2000 03 12 22 35 40 47  19
 Jan 08  2000 06 16 27 30 34 35  13
 Jan 12  2000 06 14 20 32 37 44  24
 Jan 15  2000 01 09 15 26 47 48  13
 Jan 19  2000 02 06 27 40 41 47  37
 Jan 22  2000 04 14 18 36 39 44  11
 Jan 26  2000 12 17 25 44 45 47  43
 Jan 29  2000 06 07 22 33 36 40  09
 Feb 02  2000 08 20 34 36 41 43  31
 Feb 05  2000 04 20 24 44 46 47  14
 Feb 09  2000 03 11 16 24 36 49  45
 Feb 12  2000 07 22 25 35 40 42  11
 Feb 16  2000 11 18 25 28 34 44  14
 Feb 23  2000 01 05 29 32 37 43  44
 Feb 26  2000 03 05 10 41 43 45  08
 Mar 01  2000 04 10 14 19 22 27  18
 Mar 04  2000 10 14 16 19 23 36  02
 Mar 08  2000 11 21 27 29 39 45  34
 Mar 11  2000 03 12 26 34 37 41  38
 Mar 15  2000 04 05 26 29 30 34  22
 Mar 18  2000 04 16 19 26 35 43  47
 Mar 22  2000 03 08 17 24 27 43  10
 Mar 25  2000 10 30 31 35 43 44  46
 Mar 29  2000 10 11 12 19 41 48  34
 Apr 01  2000 03 16 32 39 46 49  19
 Apr 05  2000 05 09 12 20 25 27  39 
 Apr 08  2000 05 10 24 27 30 45  02
 Apr 12  2000 10 29 34 42 46 47  40
 Apr 15  2000 01 18 25 41 47 48  03
 Apr 19  2000 12 16 32 44 47 49  42
 Apr 22  2000 07 14 20 24 28 39  31
 Apr 26  2000 05 24 28 35 38 42  36
 Apr 29  2000 01 06 19 25 33 48  27
 May 03  2000 12 19 33 36 40 44  24
 May 06  2000 11 12 19 34 36 45  06
 May 10  2000 13 19 23 40 45 49  15
 May 13  2000 02 10 11 27 33 37  07
 May 17  2000 01 13 23 36 37 48  16
 May 20  2000 03 05 08 14 27 31  18
 May 24  2000 22 23 24 27 30 45  33
 May 27  2000 11 14 18 27 30 42  22
 May 31  2000 02 05 11 25 32 34  39
 Jun 03  2000 04 08 18 32 38 45  30
 Jun 07  2000 07 10 27 42 43 47  44
 Jun 10  2000 01 04 16 22 32 37  33
 Jun 14  2000 05 06 21 26 33 40  22
 Jun 17  2000 05 07 09 33 41 48  43
 Jun 21  2000 11 15 29 31 34 46  07
 Jun 24  2000 01 17 21 27 40 44  36
 Jun 28  2000 03 13 22 23 24 25  07
 Jul 01  2000 10 15 17 20 31 44  04
 Jul 05  2000 11 15 19 27 40 48  16
 Jul 08  2000 05 10 12 38 40 41  11
 Jul 12  2000 16 21 31 35 42 44  25
 Jul 15  2000 04 20 28 34 42 44  25
 Jul 19  2000 15 17 32 42 43 45  09
 Jul 22  2000 01 12 18 23 42 47  26
 Jul 26  2000 02 03 25 37 39 40  46
 Jul 29  2000 05 12 19 35 37 43  02
 Aug 02  2000 02 03 12 27 31 47  11
 Aug 05  2000 11 33 37 40 45 46  17
 Aug 09  2000 09 21 39 42 45 49  25
 Aug 12  2000 03 13 14 18 29 40  48
 Aug 16  2000 10 15 16 32 33 41  09
 Aug 19  2000 02 11 14 22 25 34  06
 Aug 23  2000 06 08 14 17 32 47  10
 Aug 26  2000 10 23 35 41 45 47  16
 Aug 30  2000 18 19 29 40 43 49  13
 Sep 02  2000 04 06 12 27 28 46  18
 Sep 06  2000 20 27 31 40 42 45  32
 Sep 09  2000 09 11 19 22 24 42  12
 Sep 13  2000 02 10 27 29 31 49  46
 Sep 16  2000 15 20 36 37 46 49  45
 Sep 20  2000 03 06 21 30 36 40  14
 Sep 23  2000 02 20 22 31 37 49  27
 Sep 27  2000 01 24 29 35 40 45  34
 Sep 30  2000 15 18 20 24 31 41  01
 Oct 04  2000 07 14 19 40 43 49  13
 Oct 07  2000 06 24 25 40 41 44  16
 Oct 11  2000 05 06 21 35 38 46  15
 Oct 14  2000 01 10 14 19 38 45  18
 Oct 18  2000 02 09 11 23 27 45  17
 Oct 21  2000 38 43 44 45 46 47  17
 Oct 25  2000 07 12 16 29 37 43  49
 Oct 28  2000 03 10 23 40 43 46  42
 Nov 01  2000 09 13 21 23 36 47  15
 Nov 04  2000 05 06 11 20 25 47  34
 Nov 08  2000 12 21 33 39 47 49  40
 Nov 11  2000 21 26 29 42 44 49  33
 Nov 15  2000 24 25 28 36 37 42  40
 Nov 18  2000 05 09 23 28 29 48  26
 Nov 22  2000 04 32 36 37 40 49  42
 Nov 25  2000 12 23 24 31 45 46  33
 Nov 29  2000 06 13 23 24 31 42  27
 Dec 02  2000 03 06 20 24 36 47  34
 Dec 06  2000 02 14 21 25 32 47  22
 Dec 09  2000 09 19 21 30 38 40  33
 Dec 13  2000 14 16 18 19 34 40  45
 Dec 16  2000 04 17 27 33 34 45  42
 Dec 20  2000 13 41 42 45 46 49  48
 Dec 23  2000 11 15 24 30 31 33  25
 Dec 27  2000 06 09 17 33 43 45  37
 Dec 30  2000 07 09 17 27 31 48  41
 Jan 03  2001 05 07 12 37 39 46  22
 Jan 06  2001 17 30 37 41 43 48  34
 Jan 10  2001 17 25 40 42 45 49  33
 Jan 13  2001 03 05 33 40 45 46  21
 Jan 17  2001 03 09 11 28 29 47  37
 Jan 20  2001 04 09 10 19 26 36  30
 Jan 24  2001 14 25 26 33 36 44  07
 Jan 27  2001 26 30 32 37 41 47  08
 Jan 31  2001 03 19 29 34 38 45  40
 Feb 03  2001 15 17 21 22 43 45  34
 Feb 07  2001 09 23 29 38 39 43  45
 Feb 10  2001 09 11 36 38 46 47  12
 Feb 14  2001 12 13 14 32 41 43  06
 Feb 17  2001 09 13 27 28 38 42  20
 Feb 21  2001 05 10 23 36 40 44  18
 Feb 24  2001 05 12 25 34 35 45  36
 Feb 28  2001 06 09 17 18 20 39  27
 Mar 03  2001 01 02 04 18 28 35  08
 Mar 07  2001 19 20 22 24 38 42  41
 Mar 10  2001 05 07 08 12 23 28  39
 Mar 14  2001 06 20 31 36 38 44  04
 Mar 17  2001 09 17 19 22 29 37  24
 Mar 21  2001 04 20 21 27 42 47  43
 Mar 24  2001 01 27 31 33 35 47  41
 Mar 28  2001 12 19 32 34 39 43  35
 Mar 31  2001 01 12 13 28 32 44  47
 Apr 04  2001 01 16 17 24 31 32  15
 Apr 07  2001 02 11 25 27 40 44  28
 Apr 11  2001 02 08 11 24 30 36  05
 Apr 14  2001 03 12 14 30 33 40  39
 Apr 18  2001 11 16 20 25 46 48  05
 Apr 21  2001 16 17 19 27 30 37  06
 Apr 25  2001 11 18 20 27 39 46  45
 Apr 28  2001 09 15 26 28 33 39  08
 May 02  2001 01 31 38 43 45 48  40
 May 05  2001 19 20 23 39 40 43  47
 May 09  2001 03 05 07 10 30 43  23
 May 12  2001 03 06 25 26 42 44  02
 May 16  2001 11 17 29 34 37 45  19
 May 19  2001 07 08 18 29 34 44  37
 May 23  2001 05 09 15 21 42 43  32
 May 26  2001 02 19 25 30 41 45  21
 May 30  2001 09 11 12 22 37 48  08
 Jun 02  2001 05 06 11 17 29 37  32
 Jun 06  2001 03 10 17 22 24 40  46
 Jun 09  2001 01 14 23 25 30 41  43
 Jun 13  2001 07 18 22 30 36 43  24
 Jun 16  2001 14 19 20 21 24 28  32
 Jun 20  2001 02 03 13 17 23 32  39
 Jun 23  2001 05 15 24 36 42 47  49
 Jun 27  2001 01 03 19 27 30 48  11
 Jun 30  2001 03 08 15 32 46 48  44
 Jul 04  2001 03 05 09 31 40 41  47
 Jul 07  2001 05 17 29 31 33 46  20
 Jul 11  2001 09 23 27 31 35 48  01
 Jul 14  2001 08 21 25 35 40 41  05
 Jul 18  2001 05 10 13 19 22 47  30
 Jul 21  2001 01 11 22 27 33 49  10
 Jul 25  2001 06 08 13 24 34 46  12
 Jul 28  2001 15 26 29 41 46 48  23
 Aug 01  2001 06 33 39 41 42 44  25
 Aug 04  2001 01 11 15 33 36 49  05
 Aug 08  2001 16 19 29 35 36 38  47
 Aug 11  2001 12 14 16 23 24 45  11
 Aug 15  2001 14 22 27 32 40 47  26
 Aug 18  2001 05 19 26 29 40 42  14
 Aug 22  2001 05 13 15 28 31 34  18
 Aug 25  2001 01 07 18 23 29 43  04
 Aug 29  2001 07 09 22 23 37 42  36
 Sep 01  2001 07 08 18 23 47 48  49
 Sep 05  2001 08 09 21 34 42 43  05
 Sep 08  2001 04 22 25 27 39 45  31
 Sep 12  2001 07 15 34 38 43 45  29
 Sep 15  2001 04 22 24 32 42 43  18
 Sep 19  2001 10 24 25 30 40 48  21
 Sep 22  2001 10 19 27 29 33 36  23
 Sep 26  2001 02 06 12 17 39 47  08
 Sep 29  2001 02 11 16 18 21 33  05
 Oct 03  2001 19 20 22 28 40 42  01
 Oct 06  2001 01 18 27 28 43 47  11
 Oct 10  2001 09 25 42 43 46 47  16
 Oct 13  2001 14 17 23 32 36 49  16
 Oct 17  2001 18 21 25 34 36 45  11
 Oct 20  2001 09 10 22 38 43 44  20
 Oct 24  2001 04 12 21 26 43 46  16
 Oct 27  2001 18 21 25 26 32 48  38
 Oct 31  2001 12 15 29 30 45 47  08
 Nov 03  2001 04 08 14 26 29 43  16
 Nov 07  2001 02 05 13 18 29 42  35
 Nov 10  2001 03 07 17 26 33 35  23
 Nov 14  2001 01 20 27 42 46 48  32
 Nov 17  2001 04 15 21 31 41 49  43
 Nov 21  2001 02 08 12 18 24 35  43
 Nov 24  2001 02 07 21 33 39 46  15
 Nov 28  2001 01 21 29 42 45 47  08
 Dec 01  2001 02 03 06 07 18 36  14
 Dec 05  2001 10 13 31 43 47 48  44
 Dec 08  2001 02 03 04 18 28 43  15
 Dec 12  2001 18 30 31 32 43 44  37
 Dec 15  2001 01 08 18 31 34 37  27
 Dec 19  2001 10 17 19 20 25 35  11
 Dec 22  2001 14 27 34 38 44 45  24
 Dec 26  2001 03 06 09 10 13 20  29
 Dec 29  2001 25 26 34 36 43 46  09
 Jan 02  2002 08 09 15 22 26 39  30
 Jan 05  2002 04 19 20 35 41 46  27
 Jan 09  2002 08 12 15 23 28 39  43
 Jan 12  2002 01 07 13 30 34 36  38
 Jan 16  2002 13 17 18 28 37 44  32
 Jan 19  2002 07 09 22 35 40 47  36
 Jan 23  2002 01 07 08 33 40 44  28
 Jan 26  2002 03 27 31 34 35 40  22
 Jan 30  2002 02 04 06 11 37 47  22
 Feb 02  2002 11 17 22 26 43 48  27
 Feb 06  2002 01 05 14 15 20 43  32
 Feb 09  2002 07 14 20 30 35 36  10
 Feb 13  2002 01 02 06 24 40 47  07
 Feb 16  2002 16 29 34 40 46 48  03
 Feb 20  2002 04 15 21 29 30 35  08
 Feb 23  2002 07 28 38 39 44 48  06
 Feb 27  2002 04 07 16 36 39 40  13
 Mar 02  2002 03 11 13 28 40 47  16
 Mar 06  2002 07 18 20 26 28 31  13
 Mar 09  2002 04 06 16 38 44 45  09
 Mar 13  2002 12 14 20 23 43 47  03
 Mar 16  2002 02 17 24 26 35 47  41
 Mar 20  2002 03 11 12 17 29 41  23
 Mar 23  2002 02 04 09 31 36 40  03
 Mar 27  2002 17 26 30 34 43 48  46
 Mar 30  2002 01 18 26 34 42 48  07
 Apr 03  2002 03 08 29 40 43 44  17
 Apr 06  2002 01 11 14 18 20 38  37
 Apr 10  2002 03 05 24 26 33 46  11
 Apr 13  2002 15 27 35 38 44 46  23
 Apr 17  2002 19 35 36 39 44 48  11
 Apr 20  2002 18 20 27 32 34 36  03
 Apr 24  2002 07 22 35 36 41 49  40
 Apr 27  2002 03 08 12 36 40 47  21
 May 01  2002 01 06 25 31 33 43  49
 May 04  2002 15 23 38 39 44 49  18
 May 08  2002 01 10 30 37 44 49  39
 May 11  2002 09 33 36 40 46 47  35
 May 15  2002 01 04 14 20 21 44  09
 May 18  2002 13 15 24 34 42 47  23
 May 22  2002 04 08 09 26 34 43  48
 May 25  2002 12 28 31 34 36 42  30
 May 29  2002 02 06 08 15 34 44  21
 Jun 01  2002 07 08 12 37 46 48  41
 Jun 05  2002 01 02 09 15 20 38  13
 Jun 08  2002 02 12 19 38 43 48  13
 Jun 12  2002 03 04 15 18 34 47  45
 Jun 15  2002 20 29 38 39 42 46  23
 Jun 19  2002 05 10 34 35 36 45  18
 Jun 22  2002 12 15 18 23 24 46  09
 Jun 26  2002 02 10 20 25 44 48  27
 Jun 29  2002 08 22 41 43 48 49  46
 Jul 03  2002 25 27 28 36 37 40  17
 Jul 06  2002 10 21 23 28 31 39  07
 Jul 10  2002 01 05 07 10 26 49  19
 Jul 13  2002 19 27 29 30 40 45  04
 Jul 17  2002 03 10 16 36 39 46  42
 Jul 20  2002 09 26 28 30 37 41  11
 Jul 24  2002 02 04 08 15 22 49  31
 Jul 27  2002 01 05 13 22 28 43  09
 Jul 31  2002 09 11 27 33 40 42  25
 Aug 03  2002 04 14 24 27 30 40  38
 Aug 07  2002 06 16 21 22 28 47  18
 Aug 10  2002 13 16 18 27 43 45  25
 Aug 14  2002 11 28 33 37 40 46  16
 Aug 17  2002 14 20 22 41 43 49  16
 Aug 21  2002 04 07 13 25 37 45  33
 Aug 24  2002 02 07 21 43 44 46  29
 Aug 28  2002 02 11 20 29 30 48  38
 Aug 31  2002 06 07 10 11 14 47  28
 Sep 04  2002 02 08 10 14 31 39  30
 Sep 07  2002 03 04 08 12 24 28  31
 Sep 11  2002 02 08 12 15 28 49  21
 Sep 14  2002 06 16 23 31 34 39  24
 Sep 18  2002 04 14 39 42 46 48  26
 Sep 21  2002 03 19 29 34 35 36  11
 Sep 25  2002 02 24 33 34 36 37  48
 Sep 28  2002 05 16 17 31 38 45  01
 Oct 02  2002 01 14 16 18 38 49  13
 Oct 05  2002 12 13 16 20 24 26  01
 Oct 09  2002 12 21 23 26 34 47  03
 Oct 12  2002 06 18 23 24 28 46  38
 Oct 16  2002 02 14 23 36 46 47  25
 Oct 19  2002 10 14 20 28 32 40  33
 Oct 23  2002 07 11 24 29 32 36  42
 Oct 26  2002 05 06 14 29 33 47  43
 Oct 30  2002 05 06 13 22 29 46  08
 Nov 02  2002 04 08 11 21 27 48  03
 Nov 06  2002 02 08 19 31 43 48  46
 Nov 09  2002 12 13 30 31 44 49  45
 Nov 13  2002 06 07 16 25 40 48  17
 Nov 16  2002 20 24 26 27 33 41  08
 Nov 20  2002 21 29 32 38 40 42  47
 Nov 23  2002 07 10 15 19 24 29  25
 Nov 27  2002 07 09 11 26 35 48  28
 Nov 30  2002 01 02 12 30 37 43  47
 Dec 04  2002 01 03 04 11 34 40  47
 Dec 07  2002 01 14 26 30 33 38  21
 Dec 11  2002 05 08 13 37 40 43  26
 Dec 14  2002 07 19 21 30 36 44  39
 Dec 18  2002 10 11 26 34 40 44  05
 Dec 21  2002 26 29 35 45 48 49  27
 Dec 25  2002 01 17 19 22 36 44  21
 Dec 28  2002 12 14 15 27 28 39  34
 Jan 01  2003 02 05 32 34 38 49  07
 Jan 04  2003 05 13 21 30 37 46  18
 Jan 08  2003 01 02 12 16 28 41  11
 Jan 11  2003 05 09 26 28 32 41  40
 Jan 15  2003 15 17 25 36 38 45  14
 Jan 18  2003 04 06 11 25 30 44  21
 Jan 22  2003 18 22 26 29 35 37  24
 Jan 25  2003 09 14 17 32 39 49  36
 Jan 29  2003 01 06 29 34 41 46  10
 Feb 01  2003 01 09 29 43 44 48  16
 Feb 05  2003 07 09 33 35 45 47  36
 Feb 08  2003 15 23 24 28 30 41  05
 Feb 12  2003 08 23 29 34 40 47  04
 Feb 15  2003 03 11 12 25 32 38  36
 Feb 19  2003 03 24 27 29 32 45  06
 Feb 22  2003 02 06 17 34 46 48  49
 Feb 26  2003 01 05 18 19 24 28  30
 Mar 01  2003 05 17 22 34 40 47  45
 Mar 05  2003 06 08 19 27 45 46  34
 Mar 08  2003 08 20 22 24 33 44  30
 Mar 12  2003 16 18 21 22 32 33  05
 Mar 15  2003 07 15 29 33 40 45  39
 Mar 19  2003 02 20 30 43 44 47  04
 Mar 22  2003 05 24 31 37 38 47  10
 Mar 26  2003 04 06 07 18 46 47  36
 Mar 29  2003 05 07 18 30 37 46  19
 Apr 02  2003 01 25 32 33 34 35  07
 Apr 05  2003 15 21 31 36 44 49  05
 Apr 09  2003 08 10 15 16 31 46  25
 Apr 12  2003 05 07 09 25 28 48  27
 Apr 16  2003 08 18 21 26 42 48  31
 Apr 19  2003 04 12 40 43 48 49  27
 Apr 23  2003 06 09 14 29 34 45  49
 Apr 26  2003 03 17 20 30 32 35  06
 Apr 30  2003 06 07 19 29 43 47  24
 May 03  2003 05 12 31 35 37 46  09
 May 07  2003 04 20 28 33 43 48  08
 May 10  2003 05 13 15 20 24 42  41
 May 14  2003 07 32 37 38 44 45  40
 May 17  2003 11 17 29 39 41 48  25
 May 21  2003 03 07 16 26 38 47  10
 May 24  2003 06 12 15 25 31 47  46
 May 28  2003 06 16 20 29 33 45  39
 May 31  2003 14 18 22 23 31 45  32
 Jun 04  2003 18 19 29 33 40 47  43